-207.1366982460022
-207.1353120803833
-207.02198696136475
-207.17716455459595
-206.8713812828064
-207.02726411819458
-207.13618755340576
-206.87004375457764
-207.17825889587402
-207.01970100402832
-207.1363091468811
-207.02653455734253
-207.05287170410156
-207.1785750389099
-207.21167278289795
-207.08239459991455
-206.92493104934692
-207.20534992218018
-207.05129098892212
-206.9234962463379
-207.08215141296387
-207.21045684814453
-207.17816162109375
-207.20566606521606
-210.3408808708191
-210.41400718688965
-210.12514972686768
-210.48740100860596
-210.01812314987183
-210.23784255981445
-210.4892978668213
-210.31940746307373
-210.43961477279663
-210.50639390945435
-210.44326257705688
-210.42317533493042
-210.3108959197998
-210.53136920928955
-210.3783802986145
-210.44581604003906
-210.11522769927979
-210.48188066482544
-210.36291360855103
-210.33253955841064
-210.30340576171875
-210.6269416809082
-210.40892457962036
-210.5310287475586
-210.6675295829773
-210.69476652145386
-210.55775499343872
-210.7388563156128
-210.41663360595703
-210.59552192687988
-210.67015600204468
-210.42397785186768
-210.70797157287598
-210.58523511886597
-210.68319082260132
-210.58846950531006
-210.57888793945312
-210.72343826293945
-210.7295422554016
-210.63888216018677
-210.46191501617432
-210.7559037208557
-210.59817266464233
-210.48078632354736
-210.6227831840515
-210.7762098312378
-210.7316336631775
-210.76670122146606
-211.10137510299683
-211.1377558708191
-210.89636850357056
-211.23216104507446
-210.80045557022095
-210.9922571182251
-211.23145580291748
-211.02649784088135
-211.20098447799683
-211.23656272888184
-211.21727800369263
-211.1695647239685
-211.05592346191406
-211.24577951431274
-211.14147663116455
-211.17800331115723
-210.88914585113525
-211.2282943725586
-211.10903549194336
-211.03938674926758
-211.06633186340332
-211.35701322555542
-211.18605279922485
-211.27705335617065
-211.33517503738403
-211.35944509506226
-211.19950103759766
-211.3978443145752
-211.04568529129028
-211.22586250305176
-211.34118175506592
-211.09558725357056
-211.3567943572998
-211.24714136123657
-211.31550121307373
-211.22768640518188
-211.2481141090393
-211.3930778503418
-211.37979984283447
-211.29964542388916
-211.09668159484863
-211.39609336853027
-211.266863822937
-211.15555715560913
-211.27345418930054
-211.44378232955933
-211.36712980270386
-211.41338396072388
-211.28512716293335
-211.30341482162476
-211.1129994392395
-211.345121383667
-210.96786546707153
-211.1394338607788
-211.3724069595337
-211.1251344680786
-211.37481451034546
-211.2724814414978
-211.32839012145996
-211.2406725883484
-211.19079494476318
-211.33583164215088
-211.3046064376831
-211.2409644126892
-211.0238471031189
-211.32126474380493
-211.30912971496582
-211.19038152694702
-211.30132341384888
-211.4606351852417
-211.37649250030518
-211.4165210723877
-211.115309715271
-211.12163257598877
-210.89666032791138
-211.22778367996216
-210.81507110595703
-210.97474765777588
-211.1652603149414
-210.92136812210083
-211.1262288093567
-211.1306791305542
-211.14784812927246
-211.05694484710693
-211.085786819458
-211.22749185562134
-211.13787746429443
-211.1872444152832
-210.91268634796143
-211.2041459083557
-211.03831672668457
-210.9418444633484
-210.9888038635254
-211.26355648040771
-211.11798477172852
-211.1777114868164
-211.30380392074585
-211.35766983032227
-211.1367588043213
-211.3780975341797
-210.97107553482056
-211.1781735420227
-211.39893865585327
-211.18505573272705
-211.3972363471985
-211.3154525756836
-211.3370475769043
-211.27941226959229
-211.2112956047058
-211.38656044006348
-211.3214349746704
-211.27459716796875
-211.0252332687378
-211.3511037826538
-211.33826351165771
-211.24901390075684
-211.325204372406
-211.50166082382202
-211.38575792312622
-211.45346117019653
-211.1785626411438
-211.19310522079468
-210.95332288742065
-211.29894018173218
-210.8679642677307
-211.03858423233032
-211.2336688041687
-210.9906520843506
-211.18065404891968
-211.19971990585327
-211.2020058631897
-211.11365604400635
-211.15876722335815
-211.30847311019897
-211.19998741149902
-211.2676420211792
-210.9721941947937
-211.27588605880737
-211.10018348693848
-211.01171207427979
-211.0386815071106
-211.33130836486816
-211.1638011932373
-211.23354721069336
-210.53735160827637
-210.5306396484375
-210.403817653656
-210.55529880523682
-210.2394962310791
-210.38596773147583
-210.56167030334473
-210.28959274291992
-210.57443761825562
-210.42643404006958
-210.52178764343262
-210.40262603759766
-210.47847604751587
-210.60021543502808
-210.6163387298584
-210.4862093925476
-210.31364393234253
-210.58825063705444
-210.47188568115234
-210.33891105651855
-210.47351503372192
-210.6073408126831
-210.55602836608887
-210.57402420043945
-210.44627809524536
-210.37198448181152
-210.42422103881836
-210.39773797988892
-210.26177215576172
-210.34097814559937
-210.3075885772705
-209.9558186531067
-210.41371536254883
-210.08944988250732
-210.3603115081787
-210.1593418121338
-210.32920789718628
-210.3544750213623
-210.56125688552856
-210.269700050354
-210.28378057479858
-210.46524667739868
-210.27847909927368
-210.0544309616089
-210.37135219573975
-210.34793329238892
-210.48149156570435
-210.40887594223022
-211.33376455307007
-211.29551124572754
-211.2461199760437
-211.36851596832275
-211.12204599380493
-211.24536609649658
-211.3204379081726
-211.01959133148193
-211.3866090774536
-211.20706415176392
-211.37649250030518
-211.23641681671143
-211.257257938385
-211.35168743133545
-211.44699239730835
-211.28271961212158
-211.18011903762817
-211.43539237976074
-211.2345929145813
-211.0667209625244
-211.28918838500977
-211.38332605361938
-211.40988206863403
-211.40224599838257
-211.1435194015503
-211.12163257598877
-211.1282229423523
-211.1153826713562
-210.9249186515808
-211.06290292739868
-211.0272274017334
-210.71572923660278
-211.1406011581421
-210.81995916366577
-211.04998970031738
-210.89576053619385
-211.02927017211914
-211.10509586334229
-211.27004957199097
-210.98931455612183
-210.95463609695435
-211.19225406646729
-210.98248100280762
-210.8070945739746
-211.08559226989746
-211.0704174041748
-211.16146659851074
-211.13748836517334
-211.11686611175537
-211.08435201644897
-211.0641188621521
-211.07883167266846
-210.86538648605347
-210.99074935913086
-211.07790756225586
-210.76008653640747
-211.1806297302246
-210.85709381103516
-211.0808744430542
-210.92236518859863
-210.99305963516235
-211.0645809173584
-211.21727800369263
-210.94566249847412
-210.90198612213135
-211.13264894485474
-211.04870080947876
-210.85986614227295
-211.13902044296265
-211.1029314994812
-211.18953037261963
-211.15660285949707
-211.30565214157104
-211.2326717376709
-211.2105417251587
-211.31727647781372
-211.10037803649902
-211.18787670135498
-211.2156000137329
-210.87253618240356
-211.27926635742188
-211.05986309051514
-211.27556991577148
-211.08880233764648
-211.24813842773438
-211.29159593582153
-211.41272735595703
-211.25076484680176
-211.17401504516602
-211.37751388549805
-211.1228485107422
-210.9273018836975
-211.17615509033203
-211.24767637252808
-211.30667352676392
-211.2661099433899
-211.15621376037598
-211.1023964881897
-211.07892894744873
-211.10441493988037
-210.89169931411743
-210.99344873428345
-211.114604473114
-210.78000354766846
-211.18442344665527
-210.8862762451172
-211.0967788696289
-210.91988468170166
-211.03420686721802
-211.08260107040405
-211.2269082069397
-210.9721212387085
-210.9223165512085
-211.12904977798462
-211.09466314315796
-210.88515758514404
-211.15169048309326
-211.1372938156128
-211.21487045288086
-211.16146659851074
-211.34769916534424
-211.28138208389282
-211.21212244033813
-211.33614778518677
-211.0688123703003
-211.1652603149414
-211.27335691452026
-210.93075513839722
-211.28965044021606
-211.08668661117554
-211.25375604629517
-211.06798553466797
-211.29721355438232
-211.3456563949585
-211.41807746887207
-211.27603197097778
-211.14984226226807
-211.360417842865
-211.17754125595093
-210.98559379577637
-211.1822590827942
-211.279314994812
-211.28607559204102
-211.2499623298645
-214.0790777206421
-214.10125637054443
-213.94719743728638
-214.1300983428955
-213.79418420791626
-213.96368551254272
-214.1065821647644
-213.85534572601318
-214.11346435546875
-214.00424909591675
-214.07917499542236
-213.97533416748047
-214.01383066177368
-214.1557788848877
-214.1418685913086
-214.05395650863647
-213.8588719367981
-214.1480941772461
-214.02747344970703
-213.90607452392578
-214.02183151245117
-214.18435335159302
-214.11759853363037
-214.14410591125488
-214.6530475616455
-214.6810383796692
-214.45626068115234
-214.76187372207642
-214.34989070892334
-214.5294599533081
-214.79280710220337
-214.58028602600098
-214.76177644729614
-214.77989387512207
-214.77145528793335
-214.711923122406
-214.62581062316895
-214.80934381484985
-214.71763801574707
-214.7251524925232
-214.449378490448
-214.78295803070068
-214.66306686401367
-214.58522272109985
-214.62101984024048
-214.8878688812256
-214.72918939590454
-214.80771446228027
-214.73169422149658
-214.75022506713867
-214.57639503479004
-214.77147960662842
-214.40881490707397
-214.57902145385742
-214.76177644729614
-214.5094699859619
-214.74840116500854
-214.6477460861206
-214.69599437713623
-214.5977954864502
-214.66885471343994
-214.80941677093506
-214.78021001815796
-214.69798851013184
-214.48091983795166
-214.7740330696106
-214.6829595565796
-214.5667405128479
-214.66061067581177
-214.83572959899902
-214.7397437095642
-214.7769513130188
-214.6844186782837
-214.6974778175354
-214.4938087463379
-214.72196674346924
-214.3348617553711
-214.4971160888672
-214.79521465301514
-214.54208135604858
-214.77050685882568
-214.6760287284851
-214.71340656280518
-214.61591291427612
-214.61440515518188
-214.75562381744385
-214.70876169204712
-214.64239597320557
-214.41161155700684
-214.7035574913025
-214.72580909729004
-214.60246467590332
-214.6913251876831
-214.85462522506714
-214.75207328796387
-214.78383350372314
-214.63602447509766
-214.63378715515137
-214.43104219436646
-214.72454452514648
-214.3365397453308
-214.4848837852478
-214.69857215881348
-214.448308467865
-214.66472053527832
-214.64531421661377
-214.67777967453003
-214.57639503479004
-214.62782907485962
-214.76508378982544
-214.6921763420105
-214.70764303207397
-214.45156717300415
-214.7368984222412
-214.56657028198242
-214.4637508392334
-214.5230884552002
-214.76807498931885
-214.63823747634888
-214.68813943862915
-214.71364974975586
-214.76377058029175
-214.52865743637085
-214.7672724723816
-214.34989070892334
-214.54823398590088
-214.83419752120972
-214.61603450775146
-214.8033127784729
-214.73235082626343
-214.73174285888672
-214.66630125045776
-214.64577627182007
-214.818998336792
-214.73500156402588
-214.68889331817627
-214.42175245285034
-214.7440481185913
-214.76761293411255
-214.67515325546265
-214.72619819641113
-214.90892887115479
-214.77138233184814
-214.83222770690918
-210.83909797668457
-210.8575315475464
-210.59245777130127
-210.95142602920532
-210.5007519721985
-210.67256355285645
-210.91910648345947
-210.6858172416687
-210.8324589729309
-210.87747287750244
-210.84174871444702
-210.75804376602173
-210.83090257644653
-210.9854965209961
-210.85320281982422
-210.93294382095337
-210.6152687072754
-210.92394590377808
-210.79048490524292
-210.71166801452637
-210.69656610488892
-211.0131711959839
-210.80996417999268
-210.88530349731445
-214.86063194274902
-214.84856986999512
-214.77699995040894
-214.92580604553223
-214.66525554656982
-214.80837106704712
-214.84908056259155
-214.5667405128479
-214.91058254241943
-214.76591062545776
-214.91955614089966
-214.7916398048401
-214.77743768692017
-214.88988733291626
-214.9607276916504
-214.83315181732178
-214.71379566192627
-214.98144721984863
-214.77736473083496
-214.61858797073364
-214.82539415359497
-214.9441909790039
-214.96058177947998
-214.95800399780273
-214.79229640960693
-214.7667374610901
-214.74925231933594
-214.78784608840942
-214.58009147644043
-214.70866441726685
-214.67379140853882
-214.3518362045288
-214.75214624404907
-214.49006366729736
-214.7019281387329
-214.5318431854248
-214.67070293426514
-214.73816299438477
-214.87675523757935
-214.65399599075317
-214.5997896194458
-214.82325410842896
-214.6430525779724
-214.44736003875732
-214.71090173721313
-214.7430510520935
-214.8196792602539
-214.77546787261963
-214.74954414367676
-214.71627616882324
-214.67060565948486
-214.74217557907104
-214.51161003112793
-214.62970161437988
-214.70988035202026
-214.38362073898315
-214.78042888641357
-214.51851654052734
-214.7248363494873
-214.55324363708496
-214.62289237976074
-214.69008493423462
-214.81479120254517
-214.6054801940918
-214.5414490699768
-214.76245737075806
-214.69290590286255
-214.48539447784424
-214.75037097930908
-214.7643542289734
-214.84064197540283
-214.7870192527771
-214.8247618675232
-214.7778024673462
-214.73417472839355
-214.86924076080322
-214.63976955413818
-214.74599361419678
-214.73716592788696
-214.41324090957642
-214.79550647735596
-214.6168613433838
-214.81527757644653
-214.64135026931763
-214.76085233688354
-214.82128429412842
-214.9181456565857
-214.79633331298828
-214.7041654586792
-214.91795110702515
-214.65817880630493
-214.46924686431885
-214.70440864562988
-214.80567169189453
-214.85528182983398
-214.81834173202515
-210.95580339431763
-210.94070148468018
-210.90604734420776
-210.93396520614624
-210.71935272216797
-210.853835105896
-210.9146318435669
-210.6264066696167
-211.01640558242798
-210.71485376358032
-210.91983604431152
-210.7835783958435
-210.82691431045532
-210.91572618484497
-211.04809284210205
-210.7969536781311
-210.74435234069824
-210.98452377319336
-210.8921856880188
-210.72895860671997
-210.98248100280762
-210.95891618728638
-211.02973222732544
-211.01786470413208
-214.89282989501953
-214.85924577713013
-214.76085233688354
-214.9153003692627
-214.6272211074829
-214.74932527542114
-214.8242268562317
-214.50407123565674
-214.8356809616089
-214.67014360427856
-214.8166151046753
-214.64738130569458
-214.83580255508423
-214.90810203552246
-214.94900608062744
-214.8483510017395
-214.69874238967896
-214.92653560638428
-214.74010848999023
-214.56265497207642
-214.7385277748108
-214.8626503944397
-214.8521933555603
-214.8281421661377
-215.51062202453613
-215.49729537963867
-215.39933967590332
-215.56903553009033
-215.27402544021606
-215.42146968841553
-215.50568532943726
-215.2256555557251
-215.54303884506226
-215.41509819030762
-215.53489208221436
-215.41636276245117
-215.4308567047119
-215.54542207717896
-215.5932812690735
-215.47985887527466
-215.32990980148315
-215.60553789138794
-215.42998123168945
-215.27896213531494
-215.45770454406738
-215.59799909591675
-215.57822799682617
-215.589195728302
-215.44967937469482
-215.43372631072998
-215.30444812774658
-215.50536918640137
-215.18436241149902
-215.32616472244263
-215.52419185638428
-215.24588871002197
-215.55103969573975
-215.42820596694946
-215.5353298187256
-215.41976737976074
-215.36271572113037
-215.4795184135437
-215.50836038589478
-215.40979671478271
-215.24450254440308
-215.52066564559937
-215.4597716331482
-215.3046669960022
-215.47601652145386
-215.60320329666138
-215.57530975341797
-215.58294582366943
-211.76564025878906
-211.7313265800476
-211.57644081115723
-211.89486980438232
-211.54881477355957
-211.67208623886108
-211.80199670791626
-211.52031326293945
-211.78896188735962
-211.77755641937256
-211.8546953201294
-211.73169136047363
-211.73536348342896
-211.84156322479248
-211.82069778442383
-211.85493850708008
-211.64504384994507
-211.9068102836609
-211.67254829406738
-211.53923320770264
-211.6499319076538
-211.9113335609436
-211.82599925994873
-211.85255527496338
-215.50060272216797
-215.51492643356323
-215.3597002029419
-215.5709080696106
-215.22553396224976
-215.396737575531
-215.5819730758667
-215.32986116409302
-215.60424900054932
-215.5024995803833
-215.58136510849
-215.48909997940063
-215.41512250900269
-215.5551495552063
-215.55471181869507
-215.47587060928345
-215.28416633605957
-215.5805139541626
-215.52081155776978
-215.38827466964722
-215.53134155273438
-215.67611074447632
-215.62222051620483
-215.65101385116577
-215.46597290039062
-215.44321060180664
-215.26835918426514
-215.55072355270386
-215.17988777160645
-215.31823682785034
-215.51251888275146
-215.2349452972412
-215.48547649383545
-215.44948482513428
-215.5081901550293
-215.38749647140503
-215.4509196281433
-215.56964349746704
-215.52380275726318
-215.5277180671692
-215.28757095336914
-215.5651445388794
-215.3794469833374
-215.25067949295044
-215.341947555542
-215.57326698303223
-215.46585130691528
-215.49984884262085
-211.77381134033203
-211.74107837677002
-211.6982045173645
-211.73850059509277
-211.50404405593872
-211.62867736816406
-211.74421548843384
-211.43514919281006
-211.82077074050903
-211.53021097183228
-211.7187294960022
-211.56972885131836
-211.656400680542
-211.72728967666626
-211.85578966140747
-211.61267566680908
-211.54536151885986
-211.77595138549805
-211.72113704681396
-211.54069232940674
-211.78794050216675
-211.77930736541748
-211.83229780197144
-211.81082439422607
-215.48411464691162
-215.43615818023682
-215.366144657135
-215.5197172164917
-215.25483798980713
-215.3666796684265
-215.40023946762085
-215.07813835144043
-215.43666887283325
-215.2668514251709
-215.43457746505737
-215.26947784423828
-215.4221019744873
-215.48630332946777
-215.5597701072693
-215.4487066268921
-215.32536220550537
-215.54919147491455
-215.31899070739746
-215.14044284820557
-215.34710311889648
-215.46227645874023
-215.47662448883057
-215.45478630065918
-215.44505882263184
-215.44398880004883
-215.34374713897705
-215.44605588912964
-215.15535020828247
-215.31013870239258
-215.4178705215454
-215.1245141029358
-215.4577775001526
-215.23655033111572
-215.3747534751892
-215.24031972885132
-215.32220077514648
-215.4186487197876
-215.48598718643188
-215.31237602233887
-215.1853837966919
-215.44012212753296
-215.40271997451782
-215.23030042648315
-215.4327049255371
-215.48732471466064
-215.49685764312744
-215.48209619522095
-215.5366916656494
-215.49515533447266
-215.37866878509521
-215.54875373840332
-215.2337293624878
-215.35425281524658
-215.46816158294678
-215.1456470489502
-215.45685338974
-215.30422925949097
-215.42258834838867
-215.2585587501526
-215.4823637008667
-215.54994535446167
-215.57565021514893
-215.48450374603271
-215.31184101104736
-215.54172563552856
-215.38299751281738
-215.20678424835205
-215.36232662200928
-215.50177001953125
-215.46439218521118
-215.44627475738525
-215.44352674484253
-215.3907551765442
-215.28980827331543
-215.4762840270996
-215.18533515930176
-215.29000282287598
-215.43922233581543
-215.11539459228516
-215.4644651412964
-215.30060577392578
-215.45695066452026
-215.29248332977295
-215.3730754852295
-215.4388575553894
-215.4946689605713
-215.39814805984497
-215.26052856445312
-215.48430919647217
-215.3695249557495
-215.18312215805054
-215.3852105140686
-215.48880815505981
-215.49617671966553
-215.46903705596924
-215.39464616775513
-215.38540506362915
-215.255859375
-215.3966646194458
-215.08217525482178
-215.22529077529907
-215.44459676742554
-215.14708185195923
-215.47234439849854
-215.25948286056519
-215.38878536224365
-215.25206565856934
-215.26563549041748
-215.36098909378052
-215.41232585906982
-215.25865602493286
-215.1201367378235
-215.3710813522339
-215.44420766830444
-215.26074743270874
-215.46047687530518
-215.5043478012085
-215.50994110107422
-215.485671043396
-215.50561237335205
-215.4620819091797
-215.31232738494873
-215.51755285263062
-215.17475652694702
-215.29010009765625
-215.51927947998047
-215.19627857208252
-215.49753856658936
-215.34972953796387
-215.45709657669067
-215.29423427581787
-215.44445085525513
-215.51597213745117
-215.52112770080566
-215.44751501083374
-215.25846147537231
-215.48985385894775
-215.44372129440308
-215.26337385177612
-215.41183948516846
-215.53997468948364
-215.4925775527954
-215.4731469154358
-215.48357963562012
-215.46358966827393
-215.33523559570312
-215.53141450881958
-215.21529579162598
-215.35135889053345
-215.48824882507324
-215.1963028907776
-215.50670671463013
-215.37005996704102
-215.49153184890747
-215.35459327697754
-215.4168004989624
-215.50709581375122
-215.53049039840698
-215.4560022354126
-215.28834915161133
-215.53387069702148
-215.4207887649536
-215.2592396736145
-215.42869234085083
-215.55305814743042
-215.53097677230835
-215.52650213241577
-215.4413866996765
-215.38788557052612
-215.2390308380127
-215.50130796432495
-215.15858459472656
-215.26544094085693
-215.4114990234375
-215.09871196746826
-215.38596439361572
-215.30556678771973
-215.40768098831177
-215.24681282043457
-215.44620180130005
-215.51728534698486
-215.49410963058472
-215.4989733695984
-215.28205060958862
-215.51113271713257
-215.27419567108154
-215.12237405776978
-215.23937129974365
-215.4420919418335
-215.36648511886597
-215.37256479263306
-215.54345226287842
-215.5369348526001
-215.35780334472656
-215.57015419006348
-215.1996831893921
-215.350848197937
-215.56888961791992
-215.27859735488892
-215.5409960746765
-215.41517114639282
-215.48717880249023
-215.35376644134521
-215.48360395431519
-215.58593702316284
-215.5548334121704
-215.50040817260742
-215.27667617797852
-215.53676462173462
-215.497052192688
-215.34620332717896
-215.45804500579834
-215.60478401184082
-215.52358388900757
-215.53221702575684
-210.2433385848999
-210.30165481567383
-210.02916383743286
-210.35846328735352
-209.90042066574097
-210.11031532287598
-210.3797664642334
-210.19917583465576
-210.33502006530762
-210.36583185195923
-210.3161244392395
-210.2871608734131
-210.21573686599731
-210.42490196228027
-210.28762292861938
-210.31940746307373
-210.0005407333374
-210.3582444190979
-210.26398515701294
-210.22886896133423
-210.20919513702393
-210.50741529464722
-210.2986879348755
-210.41643905639648
-210.5491704940796
-210.50500774383545
-210.41087007522583
-210.5592384338379
-210.27419900894165
-210.3839249610901
-210.52383041381836
-210.22295951843262
-210.53484678268433
-210.38679456710815
-210.51206016540527
-210.3630108833313
-210.4599208831787
-210.53988075256348
-210.58771562576294
-210.45851039886475
-210.32006406784058
-210.55118894577026
-210.46483325958252
-210.29815292358398
-210.46556282043457
-210.60145568847656
-210.5815143585205
-210.5672149658203
-211.03335571289062
-211.0564341545105
-210.83019733428955
-211.1339864730835
-210.7121787071228
-210.89469051361084
-211.15341711044312
-210.93977737426758
-211.12817430496216
-211.12639904022217
-211.11988162994385
-211.06448364257812
-210.9883418083191
-211.16927289962769
-211.07873439788818
-211.07951259613037
-210.80193901062012
-211.13284349441528
-211.03834104537964
-210.96472835540771
-211.0009388923645
-211.26713132858276
-211.1038556098938
-211.1915488243103
-211.2705602645874
-211.33840942382812
-211.16669511795044
-211.3368043899536
-210.9677438735962
-211.1961693763733
-211.28612422943115
-211.08731889724731
-211.33524799346924
-211.19719076156616
-211.25025415420532
-211.21039581298828
-211.18276977539062
-211.37352561950684
-211.34684801101685
-211.2375111579895
-211.0170135498047
-211.36498975753784
-211.20973920822144
-211.1473617553711
-211.24915981292725
-211.3996925354004
-211.3058466911316
-211.40227031707764
-211.2031488418579
-211.2692470550537
-211.06107902526855
-211.2656478881836
-210.8658242225647
-211.0884132385254
-211.29458713531494
-211.09527111053467
-211.3269066810608
-211.19835805892944
-211.23315811157227
-211.19568300247192
-211.10767364501953
-211.3001561164856
-211.25125122070312
-211.16044521331787
-210.92127084732056
-211.26834726333618
-211.23685455322266
-211.17005109786987
-211.26005458831787
-211.40139484405518
-211.2911581993103
-211.3867063522339
-211.0547318458557
-211.0486035346985
-210.83720111846924
-211.1352996826172
-210.73034477233887
-210.88306617736816
-211.09449291229248
-210.84289169311523
-211.06086015701294
-211.02686262130737
-211.05626392364502
-210.9588918685913
-211.0254521369934
-211.15905904769897
-211.0823335647583
-211.09466314315796
-210.8293218612671
-211.11494493484497
-210.9742612838745
-210.87586784362793
-210.93024444580078
-211.1781735420227
-211.03887605667114
-211.09745979309082
-211.22527885437012
-211.20587253570557
-211.03172636032104
-211.23923778533936
-210.8738250732422
-211.01081228256226
-211.2996940612793
-211.0227770805359
-211.27467012405396
-211.1602749824524
-211.21878576278687
-211.10135078430176
-211.1326732635498
-211.24072122573853
-211.22262811660767
-211.13408374786377
-210.92739915847778
-211.1906247138977
-211.24918413162231
-211.10526609420776
-211.21521091461182
-211.36788368225098
-211.2831573486328
-211.2987699508667
-211.07722663879395
-211.0735788345337
-210.85300827026367
-211.16547918319702
-210.7477569580078
-210.905779838562
-211.1191520690918
-210.86356258392334
-211.07097673416138
-211.05407524108887
-211.07207107543945
-210.97265625
-211.0577473640442
-211.19390773773193
-211.10429334640503
-211.13425397872925
-210.8534460067749
-211.1462917327881
-210.9951753616333
-210.90038108825684
-210.93812370300293
-211.2068452835083
-211.05108404159546
-211.11358308792114
-213.90712022781372
-213.9614725112915
-213.66558694839478
-214.0443263053894
-213.56721782684326
-213.76950073242188
-214.0383439064026
-213.84761238098145
-213.95845699310303
-214.047025680542
-213.97747421264648
-213.93430852890015
-213.87219858169556
-214.06913137435913
-213.90653657913208
-213.99724531173706
-213.6579508781433
-214.00089311599731
-213.93160915374756
-213.87767028808594
-213.84167861938477
-214.18576383590698
-213.96283435821533
-214.06006050109863
-214.08525466918945
-214.16920280456543
-213.7904634475708
-214.27586460113525
-213.71648597717285
-213.94566535949707
-214.3436894416809
-214.22012615203857
-214.23204231262207
-214.43855667114258
-214.26754760742188
-214.29259586334229
-214.0863003730774
-214.34981775283813
-214.09634399414062
-214.2673044204712
-213.8402681350708
-214.2449312210083
-214.18673658370972
-214.20536470413208
-214.06521606445312
-214.51168298721313
-214.17557430267334
-214.35003662109375
-214.5848093032837
-214.6911792755127
-214.35025548934937
-214.74215126037598
-214.2155785560608
-214.47206783294678
-214.73809003829956
-214.6020269393921
-214.66846561431885
-214.7684154510498
-214.6464328765869
-214.6639666557312
-214.54643440246582
-214.79998111724854
-214.59497451782227
-214.6917872428894
-214.30560636520386
-214.7073998451233
-214.62564039230347
-214.62870454788208
-214.54811239242554
-214.9072995185852
-214.6302366256714
-214.79173707962036
-214.49478149414062
-214.6034860610962
-214.22450351715088
-214.65586853027344
-214.0978274345398
-214.35251712799072
-214.72524976730347
-214.5949501991272
-214.63955068588257
-214.75805568695068
-214.61440515518188
-214.63903999328613
-214.4502296447754
-214.70975875854492
-214.47984981536865
-214.60107851028442
-214.193594455719
-214.59888982772827
-214.6274642944336
-214.63259553909302
-214.5346155166626
-214.89448356628418
-214.5989384651184
-214.76374626159668
-214.1095004081726
-214.17180490493774
-213.79916954040527
-214.2843518257141
-213.73209857940674
-213.94014501571655
-214.29407930374146
-214.13654279708862
-214.1737504005432
-214.34933137893677
-214.20862340927124
-214.19699907302856
-214.12978219985962
-214.35241985321045
-214.10342073440552
-214.29247426986694
-213.86876964569092
-214.23403644561768
-214.13503503799438
-214.13384342193604
-214.00719165802002
-214.4364652633667
-214.11990880966187
-214.27007675170898
-214.5056276321411
-214.59174013137817
-214.2151165008545
-214.64983749389648
-214.0936689376831
-214.32737159729004
-214.73247241973877
-214.5796537399292
-214.61734771728516
-214.74764728546143
-214.60066509246826
-214.60098123550415
-214.4680552482605
-214.70226860046387
-214.46895503997803
-214.5997896194458
-214.18970346450806
-214.57082605361938
-214.6381402015686
-214.6188554763794
-214.51445531845093
-214.88244581222534
-214.58485794067383
-214.7232313156128
-210.3203558921814
-210.4002184867859
-210.00411558151245
-210.53421449661255
-209.9568157196045
-210.18711376190186
-210.5181884765625
-210.3740758895874
-210.3854570388794
-210.59192276000977
-210.4251208305359
-210.4303493499756
-210.33577394485474
-210.5755319595337
-210.30034160614014
-210.5392484664917
-210.08728551864624
-210.4745364189148
-210.35428047180176
-210.3772373199463
-210.21719598770142
-210.68890571594238
-210.33898401260376
-210.516583442688
-214.68419981002808
-214.70141744613647
-214.45686864852905
-214.80520963668823
-214.36971044540405
-214.54271364212036
-214.79672241210938
-214.5691967010498
-214.7380657196045
-214.79076433181763
-214.76946115493774
-214.69635915756226
-214.63065004348755
-214.79925155639648
-214.68728828430176
-214.7420539855957
-214.447603225708
-214.76369762420654
-214.6931004524231
-214.59816026687622
-214.62204122543335
-214.92994022369385
-214.7579584121704
-214.82172203063965
-215.03655338287354
-215.06751108169556
-214.87692546844482
-215.11524868011475
-214.73042964935303
-214.91945886611938
-215.0404930114746
-214.7994704246521
-215.02660703659058
-214.96583461761475
-215.0005373954773
-214.91588401794434
-214.93908405303955
-215.08939790725708
-215.0416603088379
-215.00620365142822
-214.7674913406372
-215.07310438156128
-214.97619438171387
-214.86335563659668
-214.95282411575317
-215.1677770614624
-215.06269598007202
-215.10719919204712
-214.9573473930359
-214.99010467529297
-214.76175212860107
-215.03966617584229
-214.6224546432495
-214.8100733757019
-215.03733158111572
-214.7993974685669
-215.01011896133423
-214.9608006477356
-214.97728872299194
-214.8987636566162
-214.85477113723755
-215.0112133026123
-214.93954610824585
-214.9272165298462
-214.66829538345337
-214.97789669036865
-214.9903964996338
-214.87760639190674
-214.954185962677
-215.16257286071777
-215.04307079315186
-215.089373588562
-214.69706439971924
-214.68291091918945
-214.4547529220581
-214.79966497421265
-214.38308572769165
-214.52325868606567
-214.72989463806152
-214.46584224700928
-214.6626534461975
-214.68743419647217
-214.70037174224854
-214.5862684249878
-214.65978384017944
-214.77838611602783
-214.6815733909607
-214.7509059906006
-214.47087621688843
-214.73811435699463
-214.62228441238403
-214.4997181892395
-214.54441595077515
-214.83679962158203
-214.69037675857544
-214.72289085388184
-211.12389421463013
-211.1289768218994
-210.9491400718689
-211.15482759475708
-210.79184675216675
-210.9478268623352
-211.20356225967407
-210.94984531402588
-211.19402933120728
-211.0803394317627
-211.13870429992676
-211.0390706062317
-211.03228569030762
-211.1605668067932
-211.13578605651855
-211.05157041549683
-210.8470015525818
-211.12357807159424
-211.1503529548645
-211.0266923904419
-211.130606174469
-211.28065252304077
-211.19614505767822
-211.22807550430298
-214.7455072402954
-214.74032735824585
-214.49521923065186
-214.85637617111206
-214.41898012161255
-214.57128810882568
-214.78376054763794
-214.51902723312378
-214.7007122039795
-214.74176216125488
-214.73894119262695
-214.62632131576538
-214.71780824661255
-214.84538412094116
-214.728289604187
-214.8166880607605
-214.51399326324463
-214.7948498725891
-214.67016792297363
-214.55757236480713
-214.57843780517578
-214.89141941070557
-214.72019147872925
-214.76391649246216
-215.3564658164978
-215.42830324172974
-215.13125038146973
-215.49982452392578
-215.0068359375
-215.23727989196777
-215.49532556533813
-215.32662677764893
-215.44352674484253
-215.5140995979309
-215.43367767333984
-215.42516613006592
-215.30388879776
-215.52869081497192
-215.36920881271362
-215.43766593933105
-215.08985996246338
-215.46611881256104
-215.3842134475708
-215.34997272491455
-215.32246828079224
-215.65235137939453
-215.4187216758728
-215.55108833312988
-215.2542543411255
-215.33093118667603
-214.99489545822144
-215.40094470977783
-214.87539339065552
-215.10663986206055
-215.4695234298706
-215.30931186676025
-215.40230655670166
-215.48970794677734
-215.385356426239
-215.38662099838257
-215.19481945037842
-215.4277925491333
-215.24090337753296
-215.3330955505371
-214.96274614334106
-215.34367418289185
-215.3748264312744
-215.34588718414307
-215.29810094833374
-215.62628173828125
-215.3726134300232
-215.5107192993164
-211.25699043273926
-211.27929067611694
-210.9428415298462
-211.43794584274292
-210.91387796401978
-211.089337348938
-211.42923974990845
-211.23673295974731
-211.3076949119568
-211.47948217391968
-211.36576795578003
-211.32629871368408
-211.25720930099487
-211.44623851776123
-211.2385811805725
-211.42753744125366
-211.04293727874756
-211.37753820419312
-211.27119255065918
-211.23417949676514
-211.1408929824829
-211.5763921737671
-211.2861728668213
-211.40842294692993
-215.28808164596558
-215.33436012268066
-215.0043067932129
-215.41714096069336
-214.8989338874817
-215.1002197265625
-215.49605512619019
-215.30272150039673
-215.39892625808716
-215.4972710609436
-215.3990478515625
-215.36577987670898
-215.2318081855774
-215.43289947509766
-215.24951219558716
-215.35092115402222
-214.9870162010193
-215.3350167274475
-215.40330362319946
-215.3406343460083
-215.29581499099731
-215.63253164291382
-215.3859157562256
-215.48800563812256
-214.92388486862183
-214.95523166656494
-214.6173963546753
-215.09401845932007
-214.5625820159912
-214.75037097930908
-215.0948452949524
-214.90078210830688
-214.9794044494629
-215.1401023864746
-215.0304250717163
-214.9906883239746
-214.9364333152771
-215.13762187957764
-214.9198236465454
-215.0967664718628
-214.69582414627075
-215.0460376739502
-214.93042659759521
-214.8967695236206
-214.8070092201233
-215.22816038131714
-214.93499851226807
-215.0640091896057
-211.98263597488403
-212.06592750549316
-211.82142734527588
-212.06079626083374
-211.624032497406
-211.86403369903564
-212.09289693832397
-211.91476249694824
-212.10481309890747
-212.01181840896606
-212.00359869003296
-211.9882779121399
-211.89207315444946
-212.10036277770996
-212.01451778411865
-211.9596061706543
-211.6818380355835
-212.04642391204834
-212.03088426589966
-211.98214960098267
-212.03443479537964
-212.20644092559814
-212.05474090576172
-212.17125177383423
-215.37818241119385
-215.42105627059937
-215.13927555084229
-215.5023536682129
-215.0265097618103
-215.2269687652588
-215.4354043006897
-215.22869539260864
-215.3759937286377
-215.4140281677246
-215.36928176879883
-215.3195743560791
-215.34039115905762
-215.51881742477417
-215.37234592437744
-215.45288944244385
-215.11702394485474
-215.4483904838562
-215.32052278518677
-215.2607717514038
-215.25277090072632
-215.563223361969
-215.35449600219727
-215.45704793930054
-215.65028429031372
-215.71115398406982
-215.4339451789856
-215.73948526382446
-215.27020740509033
-215.48875951766968
-215.74651336669922
-215.54089879989624
-215.69524955749512
-215.6793451309204
-215.6369333267212
-215.59325695037842
-215.55264472961426
-215.7374668121338
-215.61660289764404
-215.630464553833
-215.3192582130432
-215.65986585617065
-215.69884872436523
-215.61713790893555
-215.64004611968994
-215.8811173439026
-215.7020344734192
-215.7853503227234
-215.41179084777832
-215.45648860931396
-215.16651248931885
-215.54435205459595
-215.05654335021973
-215.26181745529175
-215.47171211242676
-215.26060152053833
-215.39761304855347
-215.4526219367981
-215.39671325683594
-215.3444037437439
-215.3838243484497
-215.56349086761475
-215.40456819534302
-215.50425052642822
-215.1530885696411
-215.49055910110474
-215.35058069229126
-215.29270219802856
-215.26986694335938
-215.60067415237427
-215.3762125968933
-215.4819746017456
-215.29746866226196
-215.34226369857788
-215.0223512649536
-215.42436361312866
-214.91549491882324
-215.11522436141968
-215.4302487373352
-215.22852516174316
-215.35537147521973
-215.41040468215942
-215.34459829330444
-215.30179738998413
-215.25133609771729
-215.43659591674805
-215.26551389694214
-215.36801719665527
-215.01138353347778
-215.34707880020142
-215.33178234100342
-215.27266359329224
-215.24936628341675
-215.55755710601807
-215.3321714401245
-215.4370822906494
-215.5616912841797
-215.62392282485962
-215.30753660202026
-215.65925788879395
-215.15668773651123
-215.3726863861084
-215.73435401916504
-215.5307092666626
-215.66587257385254
-215.66903400421143
-215.6060972213745
-215.56711435317993
-215.45768022537231
-215.64841175079346
-215.50123500823975
-215.5459327697754
-215.2126693725586
-215.55602502822876
-215.7032504081726
-215.62115049362183
-215.62788677215576
-215.87014961242676
-215.67363023757935
-215.75801610946655
-215.33951568603516
-215.38941764831543
-215.05800247192383
-215.4768190383911
-214.95374822616577
-215.16014099121094
-215.47669744491577
-215.27127742767334
-215.38756942749023
-215.45894479751587
-215.38100337982178
-215.3366460800171
-215.3041319847107
-215.49318552017212
-215.30707454681396
-215.4307837486267
-215.05647039413452
-215.40016651153564
-215.3703031539917
-215.31607246398926
-215.27543592453003
-215.60570812225342
-215.36047840118408
-215.4726119041443
-215.3199634552002
-215.33642721176147
-215.0212812423706
-215.42947053909302
-214.92716789245605
-215.098614692688
-215.4478554725647
-215.21960020065308
-215.34231233596802
-215.41276359558105
-215.34695720672607
-215.27494955062866
-215.2799835205078
-215.4329481124878
-215.26283884048462
-215.3773798942566
-215.02480745315552
-215.32735633850098
-215.35045909881592
-215.26028537750244
-215.23630714416504
-215.55493068695068
-215.33324146270752
-215.40503025054932
-214.94209957122803
-214.95078134536743
-214.6231598854065
-215.09185409545898
-214.57260131835938
-214.73709297180176
-215.03847455978394
-214.81265115737915
-214.91739177703857
-215.04248714447021
-214.9642539024353
-214.88957118988037
-214.9747838973999
-215.1336579322815
-214.9247603416443
-215.1123547554016
-214.71929168701172
-215.02833366394043
-214.870943069458
-214.81766080856323
-214.74426698684692
-215.1413426399231
-214.87074851989746
-214.9758539199829
-215.3603811264038
-215.38589143753052
-215.0582456588745
-215.47908067703247
-214.9604845046997
-215.14367723464966
-215.49406099319458
-215.2640061378479
-215.37511825561523
-215.45775318145752
-215.37908220291138
-215.30792570114136
-215.32930183410645
-215.49160480499268
-215.3036699295044
-215.43535566329956
-215.06130981445312
-215.37823104858398
-215.3923602104187
-215.3126678466797
-215.26626777648926
-215.60422468185425
-215.35836267471313
-215.4424810409546
-213.9469542503357
-213.89688205718994
-213.78718042373657
-213.93455171585083
-213.63815546035767
-213.73793506622314
-213.94646787643433
-213.63842296600342
-213.92708587646484
-213.789466381073
-213.8935260772705
-213.73380088806152
-213.88173151016235
-213.95784902572632
-213.98727464675903
-213.85882329940796
-213.70403480529785
-213.92956638336182
-213.88143968582153
-213.71013879776
-213.85191679000854
-213.99461889266968
-213.95412826538086
-213.93068504333496
-214.5717258453369
-214.5868763923645
-214.3787326812744
-214.64842700958252
-214.2485547065735
-214.41934490203857
-214.70122289657593
-214.47907161712646
-214.6761016845703
-214.65457963943481
-214.65968656539917
-214.59246969223022
-214.5451455116272
-214.71970510482788
-214.64312553405762
-214.61194896697998
-214.34933137893677
-214.6748127937317
-214.57962942123413
-214.49796724319458
-214.54324865341187
-214.78351736068726
-214.6338357925415
-214.70922374725342
-214.6524395942688
-214.715473651886
-214.5307002067566
-214.69288158416748
-214.31591749191284
-214.5346155166626
-214.69173860549927
-214.4859538078308
-214.71214199066162
-214.58074808120728
-214.61457538604736
-214.56452751159668
-214.58991622924805
-214.77644062042236
-214.73407745361328
-214.61951208114624
-214.38675785064697
-214.7280707359314
-214.61019802093506
-214.54220294952393
-214.62150621414185
-214.77537059783936
-214.66331005096436
-214.7505168914795
-214.58804368972778
-214.64993476867676
-214.42875623703003
-214.6266860961914
-214.2192506790161
-214.43281745910645
-214.70326566696167
-214.49769973754883
-214.70837259292603
-214.5854902267456
-214.6022458076477
-214.55497026443481
-214.516619682312
-214.7060136795044
-214.6417636871338
-214.54638576507568
-214.29529523849487
-214.63697290420532
-214.63911294937134
-214.56824827194214
-214.63587856292725
-214.77945613861084
-214.652512550354
-214.73911142349243
-214.561439037323
-214.54718828201294
-214.36008024215698
-214.61610746383667
-214.23848676681519
-214.38038635253906
-214.61399173736572
-214.35533809661865
-214.58563613891602
-214.52595806121826
-214.57106924057007
-214.46285104751587
-214.55465412139893
-214.6836404800415
-214.62517833709717
-214.60020303726196
-214.35548400878906
-214.63493013381958
-214.49013662338257
-214.38452053070068
-214.45200490951538
-214.66856288909912
-214.54638576507568
-214.5944881439209
-214.62179803848267
-214.59791707992554
-214.41146564483643
-214.61219215393066
-214.2397027015686
-214.36730289459229
-214.7216019630432
-214.43872690200806
-214.6677360534668
-214.56107425689697
-214.5991086959839
-214.47272443771362
-214.55411911010742
-214.65915155410767
-214.6232328414917
-214.5330104827881
-214.31105375289917
-214.56953716278076
-214.66498804092407
-214.51727628707886
-214.60273218154907
-214.75922298431396
-214.65523624420166
-214.6625804901123
-210.7266969680786
-210.72764539718628
-210.48270750045776
-210.80485725402832
-210.36918783187866
-210.52896165847778
-210.79376792907715
-210.54763841629028
-210.71300554275513
-210.71850156784058
-210.70055437088013
-210.60493326187134
-210.7197904586792
-210.86134958267212
-210.7480001449585
-210.78771257400513
-210.48611211776733
-210.7836513519287
-210.67426586151123
-210.58863973617554
-210.58594036102295
-210.8764271736145
-210.68623065948486
-210.75439596176147
-214.75559949874878
-214.67330503463745
-214.64519262313843
-214.75900411605835
-214.5367555618286
-214.61165714263916
-214.7175407409668
-214.3809700012207
-214.75384855270386
-214.58023738861084
-214.76116847991943
-214.58016443252563
-214.67359685897827
-214.72121286392212
-214.83295726776123
-214.66722536087036
-214.58617115020752
-214.79042387008667
-214.65540647506714
-214.44828414916992
-214.68094110488892
-214.7807936668396
-214.82157611846924
-214.77116346359253
-214.69305181503296
-214.66034317016602
-214.65192890167236
-214.6637477874756
-214.46170806884766
-214.58544158935547
-214.5670566558838
-214.25152158737183
-214.6490592956543
-214.36730289459229
-214.5739631652832
-214.41212224960327
-214.572114944458
-214.63524627685547
-214.78098821640015
-214.53174591064453
-214.48106575012207
-214.7028522491455
-214.54101133346558
-214.3540005683899
-214.6119246482849
-214.6338357925415
-214.70574617385864
-214.67123794555664
-214.63794565200806
-214.5990114212036
-214.5601987838745
-214.6041669845581
-214.37664127349854
-214.4911823272705
-214.5858793258667
-214.2669882774353
-214.65557670593262
-214.37802743911743
-214.57267427444458
-214.41073608398438
-214.50981044769287
-214.57128810882568
-214.70161199569702
-214.46756887435913
-214.40463209152222
-214.62298965454102
-214.57868099212646
-214.38439893722534
-214.63809156417847
-214.64395236968994
-214.70730257034302
-214.66817378997803
-214.727924823761
-214.61129236221313
-214.6087875366211
-214.7096128463745
-214.51491737365723
-214.55494594573975
-214.61243534088135
-214.23680877685547
-214.64638423919678
-214.43668413162231
-214.66087818145752
-214.43629503250122
-214.66464757919312
-214.6615834236145
-214.79779243469238
-214.63709449768066
-214.5807237625122
-214.7336883544922
-214.54451322555542
-214.30993509292603
-214.56902647018433
-214.64745426177979
-214.71958351135254
-214.63772678375244
-210.8223180770874
-210.72300052642822
-210.73241186141968
-210.7351598739624
-210.56128120422363
-210.6123504638672
-210.75755739212036
-210.39678955078125
-210.8139524459839
-210.5065155029297
-210.73695945739746
-210.52908325195312
-210.70522356033325
-210.71059799194336
-210.88467121124268
-210.60940790176392
-210.59578943252563
-210.75439596176147
-210.7499942779541
-210.51305723190308
-210.79478931427002
-210.7724404335022
-210.8688883781433
-210.78532934188843
-214.75759363174438
-214.65010499954224
-214.5958013534546
-214.71780824661255
-214.4682741165161
-214.5199270248413
-214.65937042236328
-214.28294134140015
-214.64424419403076
-214.4519076347351
-214.62685632705688
-214.40261363983154
-214.70037174224854
-214.70557594299316
-214.78935384750366
-214.65071296691895
-214.54113292694092
-214.70418977737427
-214.58809232711792
-214.35959386825562
-214.56241178512573
-214.66856288909912
-214.68570756912231
-214.61002779006958
-215.45986890792847
-215.4947419166565
-215.38409185409546
-215.52034950256348
-215.20894861221313
-215.40770530700684
-215.46463537216187
-215.23438596725464
-215.53849124908447
-215.37740421295166
-215.4823637008667
-215.4143443107605
-215.38054132461548
-215.54274702072144
-215.5763554573059
-215.43092966079712
-215.2646141052246
-215.58948755264282
-215.3852834701538
-215.2866711616516
-215.4489984512329
-215.5668225288391
-215.52898263931274
-215.59379196166992
-215.38185453414917
-215.41745710372925
-215.2701587677002
-215.43837118148804
-215.09618282318115
-215.29151058197021
-215.46147394180298
-215.23377799987793
-215.52105474472046
-215.36774969100952
-215.4549322128296
-215.39124155044556
-215.29464769363403
-215.4608416557312
-215.4709095954895
-215.34277439117432
-215.15620136260986
-215.48241233825684
-215.40079879760742
-215.30080032348633
-215.45074939727783
-215.55677890777588
-215.50325345993042
-215.5685977935791
-211.71756219863892
-211.6726212501526
-211.53201055526733
-211.8134994506836
-211.47695302963257
-211.59353685379028
-211.7438507080078
-211.45496892929077
-211.7377953529358
-211.68563175201416
-211.77541637420654
-211.64652729034424
-211.68869590759277
-211.78733253479004
-211.77989101409912
-211.77434635162354
-211.57481145858765
-211.83069276809692
-211.62009286880493
-211.48466205596924
-211.60426139831543
-211.83667516708374
-211.75802850723267
-211.78363609313965
-215.43659591674805
-215.37908220291138
-215.27064514160156
-215.44498586654663
-215.1421937942505
-215.24399185180664
-215.4976601600647
-215.18382740020752
-215.49829244613647
-215.35999202728271
-215.47642993927002
-215.32531356811523
-215.35133457183838
-215.42511749267578
-215.47107982635498
-215.34841632843018
-215.2002182006836
-215.43382358551025
-215.44359970092773
-215.25797510147095
-215.43482065200806
-215.5533742904663
-215.5310983657837
-215.50877380371094
-215.38058996200562
-215.34211778640747
-215.18628358840942
-215.4311728477478
-215.07461214065552
-215.20140981674194
-215.41553592681885
-215.1265811920166
-215.39486503601074
-215.3175802230835
-215.3922142982483
-215.2616958618164
-215.36602306365967
-215.47246599197388
-215.44510746002197
-215.408118724823
-215.18358421325684
-215.45067644119263
-215.2889084815979
-215.15527725219727
-215.25753736495972
-215.46303033828735
-215.36697149276733
-215.39532709121704
-211.70892906188965
-211.75632619857788
-211.67264556884766
-211.69929885864258
-211.4195122718811
-211.6292610168457
-211.6850724220276
-211.4597110748291
-211.81286716461182
-211.494535446167
-211.64888620376587
-211.58539009094238
-211.58300685882568
-211.7374792098999
-211.82816362380981
-211.56510829925537
-211.45560121536255
-211.77189016342163
-211.6559386253357
-211.56048774719238
-211.77274131774902
-211.74428844451904
-211.7612385749817
-211.82480764389038
-215.43766593933105
-215.44090032577515
-215.35629558563232
-215.47487354278564
-215.19109869003296
-215.35790061950684
-215.36478281021118
-215.09326457977295
-215.4368634223938
-215.23545598983765
-215.38603734970093
-215.27251768112183
-215.3773069381714
-215.49138593673706
-215.548996925354
-215.4046654701233
-215.26259565353394
-215.53836965560913
-215.2802996635437
-215.15445041656494
-215.34326076507568
-215.4345531463623
-215.42934894561768
-215.4616928100586
-215.37886333465576
-215.36762809753418
-215.28246402740479
-215.35425281524658
-215.07575511932373
-215.223491191864
-215.3493161201477
-215.05428171157837
-215.39622688293457
-215.14834642410278
-215.2935290336609
-215.16014099121094
-215.25605392456055
-215.34445238113403
-215.42606592178345
-215.22030544281006
-215.10503482818604
-215.35520124435425
-215.33511400222778
-215.1653208732605
-215.37297821044922
-215.40836191177368
-215.42278289794922
-215.4118881225586
-215.44875526428223
-215.45271921157837
-215.3261160850525
-215.46249532699585
-215.1348009109497
-215.3034267425537
-215.391047000885
-215.1138138771057
-215.41475772857666
-215.23105430603027
-215.33727836608887
-215.21947860717773
-215.39557027816772
-215.507728099823
-215.52188158035278
-215.39887762069702
-215.21303415298462
-215.48854064941406
-215.30379152297974
-215.1749997138977
-215.31745862960815
-215.43620681762695
-215.38333797454834
-215.41483068466187
-215.38170862197876
-215.3818302154541
-215.26237678527832
-215.41363906860352
-215.0998306274414
-215.260479927063
-215.3822922706604
-215.1102876663208
-215.43941688537598
-215.24588871002197
-215.3795928955078
-215.26874828338623
-215.3111114501953
-215.42696571350098
-215.46410036087036
-215.33535718917847
-215.175461769104
-215.45089530944824
-215.31616973876953
-215.18523788452148
-215.36512327194214
-215.44535064697266
-215.42613887786865
-215.45682907104492
-215.31641292572021
-215.29934120178223
-215.18141984939575
-215.2919726371765
-214.985848903656
-215.12378454208374
-215.36081886291504
-215.0622582435608
-215.3912172317505
-215.15508270263672
-215.28511476516724
-215.15136194229126
-215.1851406097412
-215.272225856781
-215.3357219696045
-215.15150785446167
-215.02147579193115
-215.2675323486328
-215.36658239364624
-215.18873977661133
-215.38868808746338
-215.41490364074707
-215.41706800460815
-215.40169858932495
-215.4028172492981
-215.40748643875122
-215.24289751052856
-215.41393089294434
-215.05289554595947
-215.2194299697876
-215.42098331451416
-215.14392042160034
-215.4300298690796
-215.25243043899536
-215.34068298339844
-215.2272605895996
-215.34129095077515
-215.45794773101807
-215.44856071472168
-215.34382009506226
-215.13662481307983
-215.41539001464844
-215.34953498840332
-215.2193570137024
-215.34972953796387
-215.45797204971313
-215.3886637687683
-215.42173719406128
-215.42762231826782
-215.33659744262695
-215.2530870437622
-215.41254472732544
-215.1364302635193
-215.2045226097107
-215.41137742996216
-215.0590238571167
-215.4081916809082
-215.23484802246094
-215.39192247390747
-215.19832134246826
-215.3612322807312
-215.38596439361572
-215.45432424545288
-215.33538150787354
-215.20914316177368
-215.39364910125732
-215.35145616531372
-215.13737869262695
-215.34012365341187
-215.43584203720093
-215.444402217865
-215.39002561569214
-215.36264276504517
-215.29491519927979
-215.1635456085205
-215.38715600967407
-215.0567865371704
-215.15447473526
-215.32054710388184
-214.99805688858032
-215.30123805999756
-215.1796932220459
-215.29600954055786
-215.12721347808838
-215.36889266967773
-215.42883825302124
-215.4228072166443
-215.38542938232422
-215.18251419067383
-215.4028902053833
-215.19078254699707
-215.0346565246582
-215.16196489334106
-215.3361840248108
-215.27091264724731
-215.27259063720703
-215.44790410995483
-215.36563396453857
-215.23543167114258
-215.41159629821777
-215.08589601516724
-215.16495609283447
-215.4501657485962
-215.09579372406006
-215.3999719619751
-215.2390308380127
-215.34972953796387
-215.1559338569641
-215.38756942749023
-215.4204239845276
-215.43820095062256
-215.34007501602173
-215.1620135307312
-215.35734128952026
-215.38756942749023
-215.17993640899658
-215.32837772369385
-215.4492416381836
-215.40437364578247
-215.35673332214355
-218.23047351837158
-218.2389121055603
-218.00912475585938
-218.32942628860474
-217.91204452514648
-218.07257223129272
-218.3530397415161
-218.11812114715576
-218.29238891601562
-218.32913446426392
-218.31680488586426
-218.2324676513672
-218.1947250366211
-218.3565902709961
-218.2562756538391
-218.28351259231567
-218.00117254257202
-218.31181955337524
-218.24156284332275
-218.13896226882935
-218.1695795059204
-218.45525121688843
-218.2937994003296
-218.3455982208252
-218.4277467727661
-218.4533543586731
-218.24671840667725
-218.48431205749512
-218.08738231658936
-218.26646518707275
-218.45615100860596
-218.20861101150513
-218.41218280792236
-218.3613567352295
-218.37436723709106
-218.27967023849487
-218.35408544540405
-218.50060558319092
-218.4348964691162
-218.39956140518188
-218.1453094482422
-218.4446725845337
-218.38650226593018
-218.26938343048096
-218.33326864242554
-218.5540337562561
-218.4284520149231
-218.46407890319824
-218.35133743286133
-218.37962007522583
-218.1357765197754
-218.41186666488647
-217.9835171699524
-218.16184616088867
-218.45517826080322
-218.2115535736084
-218.39961004257202
-218.35963010787964
-218.35576343536377
-218.26782703399658
-218.27239894866943
-218.42604446411133
-218.3364543914795
-218.32358980178833
-218.04925060272217
-218.35393953323364
-218.40165281295776
-218.2848014831543
-218.33747577667236
-218.55116415023804
-218.41196393966675
-218.4500470161438
-218.21276950836182
-218.1899585723877
-217.9823498725891
-218.29112434387207
-217.8980369567871
-218.02668285369873
-218.25831842422485
-217.98818635940552
-218.19445753097534
-218.19744873046875
-218.22334814071655
-218.0991768836975
-218.19652462005615
-218.31048202514648
-218.22935485839844
-218.26554107666016
-218.00309371948242
-218.2643494606018
-218.14540672302246
-218.0167851448059
-218.0716724395752
-218.33633279800415
-218.2035527229309
-218.22658252716064
-214.53232955932617
-214.53281593322754
-214.33904457092285
-214.54195976257324
-214.16898393630981
-214.31596612930298
-214.6376781463623
-214.3795838356018
-214.59816026687622
-214.4958028793335
-214.53142976760864
-214.42398977279663
-214.46508836746216
-214.5908646583557
-214.54694509506226
-214.46377515792847
-214.24111318588257
-214.51404190063477
-214.57800006866455
-214.45049715042114
-214.529070854187
-214.68539142608643
-214.57928895950317
-214.60368061065674
-214.40750169754028
-214.40558052062988
-214.13445138931274
-214.51019954681396
-214.05237579345703
-214.20553493499756
-214.47053575515747
-214.21455717086792
-214.35297918319702
-214.41995286941528
-214.37895154953003
-214.2702226638794
-214.391037940979
-214.523015499115
-214.38131046295166
-214.48298692703247
-214.15740823745728
-214.44278812408447
-214.36192846298218
-214.2585253715515
-214.2367844581604
-214.57406044006348
-214.36671924591064
-214.41574573516846
-218.8890724182129
-218.95264148712158
-218.67368173599243
-219.00833129882812
-218.53725385665894
-218.75522232055664
-219.03634643554688
-218.85925769805908
-218.9854474067688
-219.03483867645264
-218.96696519851685
-218.9462456703186
-218.8546371459961
-219.07277584075928
-218.92778778076172
-218.96343898773193
-218.63148880004883
-219.00132751464844
-218.91900873184204
-218.87666988372803
-218.85881996154785
-219.1622929573059
-218.9422574043274
-219.0623917579651
-218.78909826278687
-218.85864973068237
-218.5406584739685
-218.91154289245605
-218.4078540802002
-218.62793827056885
-219.01270866394043
-218.8450312614441
-218.9473156929016
-219.01317071914673
-218.92214584350586
-218.9116644859314
-218.74739170074463
-218.9744553565979
-218.80254650115967
-218.86083841323853
-218.50590705871582
-218.88209295272827
-218.9101324081421
-218.87343549728394
-218.83600902557373
-219.13807153701782
-218.8979730606079
-219.024649143219
-214.8998579978943
-214.91500854492188
-214.60903072357178
-215.06031274795532
-214.56941556930542
-214.73485565185547
-215.07667922973633
-214.87322902679443
-214.97475957870483
-215.11104154586792
-215.0292820930481
-214.97779941558838
-214.91447353363037
-215.09717988967896
-214.91286849975586
-215.06461715698242
-214.70290088653564
-215.03086280822754
-214.91211462020874
-214.86547136306763
-214.8033857345581
-215.19749450683594
-214.939594745636
-215.0497341156006
-218.83275032043457
-218.8715386390686
-218.55948114395142
-218.93873119354248
-218.44214344024658
-218.63175630569458
-219.0516185760498
-218.85230255126953
-218.9547815322876
-219.03406047821045
-218.9457836151123
-218.9028124809265
-218.7950563430786
-218.9900679588318
-218.81956958770752
-218.8902883529663
-218.5392723083496
-218.88274955749512
-218.95149850845337
-218.88209295272827
-218.84498262405396
-219.1573076248169
-218.92151355743408
-219.01331663131714
-214.74176216125488
-214.77636766433716
-214.4436149597168
-214.9057674407959
-214.38597965240479
-214.574960231781
-214.9258303642273
-214.7386736869812
-214.8085412979126
-214.96369457244873
-214.85163402557373
-214.81394004821777
-214.76432991027832
-214.96697759628296
-214.75452947616577
-214.91724586486816
-214.52235889434814
-214.87580680847168
-214.76639699935913
-214.73772525787354
-214.6422986984253
-215.05505990982056
-214.76236009597778
-214.89297580718994
-215.36595010757446
-215.44420766830444
-215.18713474273682
-215.4193296432495
-214.97497844696045
-215.20532512664795
-215.4993381500244
-215.31485652923584
-215.484601020813
-215.3959836959839
-215.37057065963745
-215.34503602981567
-215.2998275756836
-215.50408029556274
-215.4036684036255
-215.34311485290527
-215.05452489852905
-215.4124960899353
-215.4315619468689
-215.3783040046692
-215.40882396697998
-215.58187580108643
-215.41400384902954
-215.521249294281
-218.8792233467102
-218.913658618927
-218.65600204467773
-218.9771547317505
-218.52832889556885
-218.71738243103027
-218.9482398033142
-218.73438119888306
-218.89464139938354
-218.90599822998047
-218.87810468673706
-218.81679725646973
-218.86348915100098
-219.03688144683838
-218.9096703529358
-218.95176601409912
-218.63756847381592
-218.96178531646729
-218.82992935180664
-218.76336908340454
-218.7686219215393
-219.04711961746216
-218.8557071685791
-218.94797229766846
-219.04074811935425
-219.09767818450928
-218.807288646698
-219.10660314559937
-218.62932443618774
-218.83844089508057
-219.16170930862427
-218.95052576065063
-219.0820655822754
-219.073383808136
-219.01039838790894
-218.95796728134155
-218.9679136276245
-219.14979314804077
-219.0118088722229
-219.02304410934448
-218.69710063934326
-219.03289318084717
-219.1086459159851
-219.023579120636
-219.0219497680664
-219.2663769721985
-219.0679850578308
-219.14330005645752
-215.0598020553589
-215.10965538024902
-214.7957739830017
-215.1824655532837
-214.67739057540894
-214.88446426391602
-215.14469861984253
-214.94394779205322
-215.03806114196777
-215.11602687835693
-215.02346992492676
-214.9757080078125
-215.04452991485596
-215.2298140525818
-215.04837226867676
-215.1563229560852
-214.7857789993286
-215.12784576416016
-215.02784729003906
-214.98030424118042
-214.91600561141968
-215.2692346572876
-215.00977849960327
-215.12152290344238
-218.8012089729309
-218.8387327194214
-218.54270124435425
-218.90235042572021
-218.42035388946533
-218.609845161438
-218.94512701034546
-218.7371048927307
-218.87759399414062
-218.90507411956787
-218.85658264160156
-218.8030571937561
-218.7763795852661
-218.95774841308594
-218.80580520629883
-218.86956882476807
-218.5335817337036
-218.8637809753418
-218.841796875
-218.7766227722168
-218.76713848114014
-219.04330158233643
-218.83523082733154
-218.9308762550354
-218.95497608184814
-219.0137300491333
-218.68496561050415
-219.0295615196228
-218.52023077011108
-218.72708559036255
-219.15178728103638
-218.9438624382019
-219.0568470954895
-219.0664529800415
-218.984450340271
-218.9374179840088
-218.87504053115845
-219.06387519836426
-218.9005265235901
-218.94111442565918
-218.5946216583252
-218.9337944984436
-219.11416625976562
-219.02912378311157
-219.01290321350098
-219.25793838500977
-219.04298543930054
-219.1201729774475
-214.9902262687683
-215.04569721221924
-214.69305181503296
-215.11884784698486
-214.5807967185974
-214.7900104522705
-215.1527967453003
-214.9574933052063
-215.0337324142456
-215.12614345550537
-215.0140585899353
-214.9746379852295
-214.9685583114624
-215.16381311416626
-214.95654487609863
-215.08786582946777
-214.69567823410034
-215.0447244644165
-215.05114459991455
-215.0071520805359
-214.92741107940674
-215.27772188186646
-215.00031852722168
-215.11855602264404
-218.8351821899414
-218.84381532669067
-218.55293941497803
-218.91917896270752
-218.4442834854126
-218.60473823547363
-218.97562265396118
-218.7426495552063
-218.87547826766968
-218.92097854614258
-218.86874198913574
-218.78793096542358
-218.81655406951904
-218.9657006263733
-218.81263875961304
-218.89055585861206
-218.5561008453369
-218.85398054122925
-218.87363004684448
-218.77883577346802
-218.76546049118042
-219.05395317077637
-218.84636878967285
-218.91018104553223
-214.73040533065796
-214.74130010604858
-214.42695665359497
-214.87157535552979
-214.37000226974487
-214.53578281402588
-214.83879375457764
-214.6216278076172
-214.72150468826294
-214.83446502685547
-214.75744771957397
-214.68692350387573
-214.7711148262024
-214.93480396270752
-214.7378225326538
-214.90228986740112
-214.52267503738403
-214.8366780281067
-214.67697715759277
-214.63157415390015
-214.55550527572632
-214.93862199783325
-214.6711163520813
-214.7808666229248
-215.02118396759033
-215.04961252212524
-214.6997151374817
-215.13154220581055
-214.597017288208
-214.78023433685303
-215.18115234375
-214.95963335037231
-215.03030347824097
-215.1361141204834
-215.0222053527832
-214.95506143569946
-215.00311517715454
-215.16967391967773
-214.95939016342163
-215.10231113433838
-214.7078619003296
-215.02911186218262
-215.08412075042725
-215.01296424865723
-214.92709493637085
-215.28654956817627
-215.00780868530273
-215.0967664718628
-219.2211685180664
-219.21508884429932
-219.08709955215454
-219.29446506500244
-218.96886205673218
-219.12399101257324
-219.21229219436646
-218.93683433532715
-219.2222385406494
-219.1397008895874
-219.22807502746582
-219.11217212677002
-219.1305570602417
-219.24988889694214
-219.26469898223877
-219.19424772262573
-219.01154136657715
-219.29130363464355
-219.14665603637695
-218.9945912361145
-219.14668035507202
-219.3282437324524
-219.28152751922607
-219.29079294204712
-219.13145685195923
-219.12975454330444
-218.96348762512207
-219.20806074142456
-218.84931135177612
-219.00594806671143
-219.19694709777832
-218.9274230003357
-219.1959743499756
-219.1230182647705
-219.19363975524902
-219.08585929870605
-219.03559255599976
-219.1636791229248
-219.1529302597046
-219.1040496826172
-218.8991403579712
-219.1859793663025
-219.1488447189331
-218.9994306564331
-219.1382417678833
-219.31175565719604
-219.25066709518433
-219.26377487182617
-215.3597731590271
-215.30549383163452
-215.14829778671265
-215.47910499572754
-215.13161516189575
-215.23375368118286
-215.3776717185974
-215.07587671279907
-215.33822679519653
-215.34557104110718
-215.42059421539307
-215.27378225326538
-215.3215684890747
-215.40490865707397
-215.37847423553467
-215.43073511123657
-215.21767902374268
-215.45434856414795
-215.26767826080322
-215.10802602767944
-215.21809244155884
-215.49583625793457
-215.4116449356079
-215.4101128578186
-215.33384943008423
-215.29873323440552
-215.1859917640686
-215.35914087295532
-215.05936431884766
-215.17828273773193
-215.3996558189392
-215.1070532798767
-215.41429567337036
-215.27794075012207
-215.39462184906006
-215.2597017288208
-215.24958515167236
-215.34068298339844
-215.38158702850342
-215.26434659957886
-215.1187505722046
-215.36344528198242
-215.34474420547485
-215.17667770385742
-215.34844064712524
-215.46465969085693
-215.4433078765869
-215.4350881576538
-219.043860912323
-219.00103569030762
-218.82161235809326
-219.1182518005371
-218.7431845664978
-218.86110591888428
-219.07238674163818
-218.7723183631897
-219.0166482925415
-218.99833631515503
-219.0541477203369
-218.90825986862183
-219.02007722854614
-219.11608743667603
-219.06273221969604
-219.08578634262085
-218.84062957763672
-219.09386014938354
-218.9578456878662
-218.80478382110596
-218.89133405685425
-219.14045476913452
-219.03106927871704
-219.03819465637207
-215.5708351135254
-215.57406949996948
-215.4752140045166
-215.57458019256592
-215.28117513656616
-215.44265127182007
-215.54534912109375
-215.25887489318848
-215.5971236228943
-215.3651475906372
-215.50568532943726
-215.37908220291138
-215.44712591171265
-215.54936170578003
-215.6203966140747
-215.44021940231323
-215.3130326271057
-215.57650136947632
-215.52837467193604
-215.36405324935913
-215.56969213485718
-215.6150951385498
-215.62499284744263
-215.6188645362854
-219.1932020187378
-219.15144681930542
-219.05110788345337
-219.2445387840271
-218.94872617721558
-219.0672311782837
-219.10555744171143
-218.78895235061646
-219.11404466629028
-218.99264574050903
-219.12729835510254
-218.96557903289795
-219.12061071395874
-219.1883625984192
-219.22882890701294
-219.16285228729248
-219.00638580322266
-219.23342514038086
-219.0344009399414
-218.8541750907898
-219.03413343429565
-219.19213199615479
-219.17931604385376
-219.15521621704102
-215.41244745254517
-215.39201974868774
-215.30469131469727
-215.39622688293457
-215.12025833129883
-215.2546191215515
-215.38214635849
-215.07920837402344
-215.4163384437561
-215.1892991065979
-215.3339467048645
-215.18849658966064
-215.2894434928894
-215.36750650405884
-215.44722318649292
-215.26237678527832
-215.1491732597351
-215.38533210754395
-215.36811447143555
-215.18866682052612
-215.39199542999268
-215.44357538223267
-215.45656156539917
-215.43438291549683
-219.23140668869019
-219.19629049301147
-219.04719257354736
-219.2602243423462
-218.91176176071167
-219.03989696502686
-219.16195249557495
-218.84301280975342
-219.12121868133545
-219.01662397384644
-219.10200691223145
-218.93999576568604
-219.1659164428711
-219.2383861541748
-219.2287073135376
-219.1843500137329
-218.97620630264282
-219.21078443527222
-219.08532428741455
-218.90833282470703
-219.03505754470825
-219.21958780288696
-219.15327072143555
-219.133864402771
-219.12569332122803
-219.0846676826477
-218.94806957244873
-219.17870807647705
-218.85115957260132
-218.96818113327026
-219.11119937896729
-218.79826641082764
-219.10794067382812
-218.99772834777832
-219.11477422714233
-218.95986413955688
-219.04566049575806
-219.12022161483765
-219.13836336135864
-219.09140396118164
-218.91579866409302
-219.14789628982544
-219.0578441619873
-218.87567281723022
-219.04597663879395
-219.19675254821777
-219.17150974273682
-219.1483097076416
-215.33414125442505
-215.31021165847778
-215.18932342529297
-215.3238787651062
-215.0204300880432
-215.1473250389099
-215.3787660598755
-215.07480669021606
-215.39977741241455
-215.18635654449463
-215.31668043136597
-215.17366218566895
-215.20345258712769
-215.28465270996094
-215.3455467224121
-215.18455696105957
-215.0565676689148
-215.29292106628418
-215.38134384155273
-215.19703245162964
-215.39308977127075
-215.43975734710693
-215.4425539970398
-215.4185028076172
-219.17277431488037
-219.1422300338745
-218.95414924621582
-219.2061882019043
-218.82409286499023
-218.95327377319336
-219.17938899993896
-218.86451053619385
-219.12761449813843
-219.03257703781128
-219.10040187835693
-218.94614839553833
-219.1019582748413
-219.18376636505127
-219.14872312545776
-219.12676334381104
-218.89673280715942
-219.13850927352905
-219.11905431747437
-218.9443974494934
-219.05820894241333
-219.23575973510742
-219.1529302597046
-219.1390929222107
-215.31561040878296
-215.24761533737183
-215.16038417816162
-215.3186502456665
-215.0469617843628
-215.13229608535767
-215.3057370185852
-214.97441911697388
-215.31660747528076
-215.14562273025513
-215.30357265472412
-215.12541389465332
-215.25038766860962
-215.29277515411377
-215.3564658164978
-215.2437973022461
-215.1212797164917
-215.31663179397583
-215.24528074264526
-215.04827499389648
-215.24652099609375
-215.34214210510254
-215.35165071487427
-215.3112816810608
-219.01847219467163
-218.94415426254272
-218.7908492088318
-219.0679850578308
-218.72115182876587
-218.80709409713745
-218.9706130027771
-218.63764142990112
-218.9163579940796
-218.85689878463745
-218.9535412788391
-218.76983785629272
-219.0153350830078
-219.06202697753906
-219.03182315826416
-219.05696868896484
-218.83544969558716
-219.0387053489685
-218.85259437561035
-218.67560291290283
-218.78887939453125
-219.00971746444702
-218.93214082717896
-218.91156721115112
-215.36232662200928
-215.30846071243286
-215.16906595230103
-215.3463978767395
-215.0192141532898
-215.12084197998047
-215.37220001220703
-215.04455423355103
-215.33645153045654
-215.1805443763733
-215.28708457946777
-215.11432456970215
-215.30318355560303
-215.3593111038208
-215.3670687675476
-215.2765302658081
-215.09662055969238
-215.3083634376526
-215.30768251419067
-215.12322521209717
-215.26196336746216
-215.38251113891602
-215.33190393447876
-215.30554246902466
-216.144877910614
-216.19750356674194
-216.01282739639282
-216.21895265579224
-215.83841371536255
-216.05139684677124
-216.24390363693237
-216.03841066360474
-216.28225421905518
-216.16613245010376
-216.2087631225586
-216.16819953918457
-216.06224298477173
-216.2449493408203
-216.21761512756348
-216.12671184539795
-215.90081548690796
-216.24567890167236
-216.17906999588013
-216.0982346534729
-216.2085199356079
-216.34789037704468
-216.2510290145874
-216.33867359161377
-216.02462196350098
-216.0286102294922
-215.81618642807007
-216.16569471359253
-215.75624084472656
-215.92119455337524
-216.06924676895142
-215.82625436782837
-216.0361247062683
-216.05813312530518
-216.07291889190674
-215.9916214942932
-215.98785209655762
-216.13157558441162
-216.0531964302063
-216.1184434890747
-215.84711980819702
-216.14893913269043
-215.95183610916138
-215.85640954971313
-215.9113211631775
-216.20788764953613
-216.0588140487671
-216.12880325317383
-219.83871746063232
-219.86228227615356
-219.64810752868652
-219.9237356185913
-219.51450061798096
-219.69871473312378
-219.92242240905762
-219.68057298660278
-219.89513683319092
-219.85890197753906
-219.87283658981323
-219.79552745819092
-219.7488842010498
-219.90058422088623
-219.84253549575806
-219.82410192489624
-219.5698013305664
-219.88217496871948
-219.8727149963379
-219.75031900405884
-219.83747720718384
-220.0479555130005
-219.92898845672607
-219.97533988952637
-219.6913948059082
-219.70112228393555
-219.47379112243652
-219.78728342056274
-219.35771799087524
-219.53273963928223
-219.7451148033142
-219.50153875350952
-219.69735288619995
-219.6945562362671
-219.69441032409668
-219.6110701560974
-219.6690216064453
-219.81962728500366
-219.7218418121338
-219.75598526000977
-219.4596619606018
-219.77227878570557
-219.62225675582886
-219.52678155899048
-219.56608057022095
-219.83621263504028
-219.66936206817627
-219.7421236038208
-215.93228387832642
-215.94045495986938
-215.6888780593872
-216.0771746635437
-215.63352870941162
-215.80011177062988
-216.05224800109863
-215.8169403076172
-216.00482654571533
-216.04356622695923
-216.03634357452393
-215.96406841278076
-215.88736724853516
-216.0394320487976
-215.93539667129517
-216.02316284179688
-215.73012256622314
-216.03763246536255
-215.95096063613892
-215.8589630126953
-215.89665699005127
-216.19217777252197
-216.02486515045166
-216.09964513778687
-219.73971605300903
-219.7670259475708
-219.5132360458374
-219.83275938034058
-219.38935661315918
-219.57386255264282
-219.8986144065857
-219.66194486618042
-219.85651874542236
-219.83737993240356
-219.8308138847351
-219.7606544494629
-219.6433653831482
-219.803382396698
-219.71731853485107
-219.72857809066772
-219.45015335083008
-219.7680959701538
-219.86551666259766
-219.74594163894653
-219.81602811813354
-220.02553367614746
-219.88888692855835
-219.93886184692383
-219.60905170440674
-219.62716913223267
-219.3574504852295
-219.70951223373413
-219.24363899230957
-219.42311096191406
-219.74003219604492
-219.50504064559937
-219.67853021621704
-219.6907138824463
-219.66714906692505
-219.59414434432983
-219.57906675338745
-219.7415156364441
-219.61432886123657
-219.672110080719
-219.3503007888794
-219.67181825637817
-219.63222742080688
-219.54365873336792
-219.56274890899658
-219.8308138847351
-219.64185762405396
-219.72339820861816
-215.9850311279297
-215.9596667289734
-215.71745252609253
-216.11319065093994
-215.68228769302368
-215.81353569030762
-216.09806442260742
-215.82965898513794
-216.02024459838867
-216.07547235488892
-216.07420778274536
-215.9665732383728
-215.94378662109375
-216.05854654312134
-215.96022605895996
-216.06129455566406
-215.7774224281311
-216.0459008216858
-215.99881982803345
-215.8691282272339
-215.91287755966187
-216.219220161438
-216.06175661087036
-216.09694576263428
-215.7111053466797
-215.68182563781738
-215.421639919281
-215.8487491607666
-215.39379501342773
-215.5244836807251
-215.7975583076477
-215.53659439086914
-215.70536613464355
-215.78160524368286
-215.76446056365967
-215.65911197662354
-215.74057960510254
-215.86487245559692
-215.72161102294922
-215.86805820465088
-215.53688621520996
-215.81587028503418
-215.62817859649658
-215.5393180847168
-215.5289340019226
-215.88301420211792
-215.67260885238647
-215.7459053993225
-219.66282033920288
-219.64978551864624
-219.38784885406494
-219.74547958374023
-219.28938245773315
-219.4374589920044
-219.78784275054932
-219.52050733566284
-219.6953830718994
-219.71970176696777
-219.70151138305664
-219.59412002563477
-219.6358995437622
-219.76469135284424
-219.64010667800903
-219.70941495895386
-219.3933448791504
-219.67996501922607
-219.68429374694824
-219.5625786781311
-219.58273887634277
-219.85965585708618
-219.67675495147705
-219.7221336364746
-216.14249467849731
-216.16151189804077
-216.00356197357178
-216.19288301467896
-215.8396782875061
-216.0196123123169
-216.16282510757446
-215.9134612083435
-216.19910860061646
-216.0427393913269
-216.1323537826538
-216.04478216171265
-216.07729625701904
-216.21126794815063
-216.20910358428955
-216.11885690689087
-215.9177656173706
-216.21333503723145
-216.09344387054443
-215.98259925842285
-216.12233448028564
-216.2355136871338
-216.1730146408081
-216.2265887260437
-216.19156980514526
-216.2223572731018
-216.03702449798584
-216.21224069595337
-215.83593320846558
-216.02415990829468
-216.26012420654297
-216.0063099861145
-216.27152967453003
-216.09295749664307
-216.15759658813477
-216.06893062591553
-216.0676417350769
-216.20244026184082
-216.19794130325317
-216.07843923568726
-215.8783450126648
-216.17384147644043
-216.26058626174927
-216.12272357940674
-216.26299381256104
-216.3421025276184
-216.27979803085327
-216.30776453018188
-216.1768569946289
-216.19867086410522
-215.99692296981812
-216.2036805152893
-215.80453777313232
-215.98875188827515
-216.21401596069336
-215.95864534378052
-216.2025375366211
-216.06068658828735
-216.1054573059082
-216.01472425460815
-216.12055921554565
-216.2538743019104
-216.2061367034912
-216.1380443572998
-215.8911852836609
-216.18801927566528
-216.13884687423706
-216.02710247039795
-216.11912441253662
-216.25754642486572
-216.14628839492798
-216.2009081840515
-219.8302788734436
-219.81962728500366
-219.63140058517456
-219.89182949066162
-219.51019620895386
-219.65990209579468
-219.83463191986084
-219.5535807609558
-219.80471992492676
-219.73169088363647
-219.7879400253296
-219.66739225387573
-219.75817394256592
-219.86099338531494
-219.82587718963623
-219.81065368652344
-219.57916402816772
-219.84214639663696
-219.77976894378662
-219.62904167175293
-219.74307203292847
-219.9287452697754
-219.84241390228271
-219.85576486587524
-219.6740312576294
-219.65455198287964
-219.45209884643555
-219.7438259124756
-219.34101104736328
-219.48658275604248
-219.64956665039062
-219.3716526031494
-219.60372591018677
-219.55593967437744
-219.5983271598816
-219.47629594802856
-219.67108869552612
-219.77590227127075
-219.69924974441528
-219.7327365875244
-219.45808124542236
-219.72446823120117
-219.52427673339844
-219.40596628189087
-219.4714322090149
-219.70895290374756
-219.5744218826294
-219.61943578720093
-219.86045837402344
-219.8564944267273
-219.62371587753296
-219.90009784698486
-219.47007036209106
-219.62901735305786
-219.88450956344604
-219.59912967681885
-219.80703020095825
-219.745747089386
-219.75625276565552
-219.6339054107666
-219.79543018341064
-219.90301609039307
-219.8192868232727
-219.8250503540039
-219.54239416122437
-219.814058303833
-219.8247585296631
-219.67760610580444
-219.73954582214355
-219.95017004013062
-219.8109941482544
-219.82969522476196
-219.7537965774536
-219.74282884597778
-219.5174674987793
-219.8206729888916
-219.40642833709717
-219.55355644226074
-219.8315920829773
-219.5531187057495
-219.7862377166748
-219.7312045097351
-219.76819324493408
-219.65280103683472
-219.67320442199707
-219.7819333076477
-219.7225956916809
-219.7335147857666
-219.48098945617676
-219.74732780456543
-219.79358196258545
-219.64107942581177
-219.74202632904053
-219.92740774154663
-219.82592582702637
-219.83947134017944
-219.61367225646973
-219.59888648986816
-219.3554563522339
-219.68803882598877
-219.2488431930542
-219.39653062820435
-219.6651062965393
-219.39212894439697
-219.6051607131958
-219.57281684875488
-219.59390115737915
-219.47960329055786
-219.60158586502075
-219.71663761138916
-219.6136236190796
-219.669264793396
-219.37116622924805
-219.6453595161438
-219.55518579483032
-219.43986654281616
-219.4889416694641
-219.72446823120117
-219.57031202316284
-219.62118673324585
-219.79304695129395
-219.7925362586975
-219.5194616317749
-219.841805934906
-219.37724590301514
-219.53556060791016
-219.89321565628052
-219.61114311218262
-219.8012180328369
-219.756422996521
-219.74744939804077
-219.6314492225647
-219.72057723999023
-219.83723402023315
-219.7265110015869
-219.76162719726562
-219.45657348632812
-219.73322296142578
-219.8482747077942
-219.7034568786621
-219.7494192123413
-219.96043252944946
-219.80221509933472
-219.8260474205017
-219.6569595336914
-219.6139154434204
-219.37707567214966
-219.71362209320068
-219.28344869613647
-219.40231847763062
-219.7047700881958
-219.4057960510254
-219.61267518997192
-219.59735441207886
-219.6170768737793
-219.4736452102661
-219.65083122253418
-219.73256635665894
-219.6291389465332
-219.69876337051392
-219.40331554412842
-219.64360857009888
-219.59796237945557
-219.45200157165527
-219.49828004837036
-219.74516344070435
-219.5931715965271
-219.61087560653687
-210.62227249145508
-210.63567209243774
-210.53844594955444
-210.6725878715515
-210.3917555809021
-210.55556631088257
-210.617262840271
-210.36281633377075
-210.68990278244019
-210.51536750793457
-210.6599178314209
-210.555006980896
-210.55191850662231
-210.6851363182068
-210.72961521148682
-210.59017181396484
-210.4502420425415
-210.7333846092224
-210.52545976638794
-210.41116189956665
-210.58693742752075
-210.6926507949829
-210.6881275177002
-210.72154140472412
-210.46716785430908
-210.40868139266968
-210.47463369369507
-210.41877365112305
-210.30333280563354
-210.39302015304565
-210.31588125228882
-209.9795536994934
-210.44980430603027
-210.1006851196289
-210.38995599746704
-210.2022156715393
-210.34345865249634
-210.3758511543274
-210.59391689300537
-210.28319692611694
-210.3139843940735
-210.4991226196289
-210.28696632385254
-210.07889556884766
-210.40931367874146
-210.35751485824585
-210.5103578567505
-210.44958543777466
-211.32863330841064
-211.2954626083374
-211.23471450805664
-211.33517503738403
-211.08308744430542
-211.207453250885
-211.32177543640137
-211.0282244682312
-211.3839340209961
-211.17972993850708
-211.3428111076355
-211.20718574523926
-211.2555799484253
-211.34774780273438
-211.43016386032104
-211.25271034240723
-211.1432762145996
-211.3924698829651
-211.23383903503418
-211.07530546188354
-211.28558921813965
-211.3584966659546
-211.37921619415283
-211.37561702728271
-211.19612073898315
-211.18826580047607
-211.21039581298828
-211.16812992095947
-211.00030660629272
-211.14670515060425
-211.0655779838562
-210.76932764053345
-211.20764780044556
-210.8613739013672
-211.11127281188965
-210.96903276443481
-211.07299518585205
-211.15577602386475
-211.33245134353638
-211.03311252593994
-211.01533555984497
-211.25599336624146
-211.01886177062988
-210.85908794403076
-211.1522011756897
-211.108549118042
-211.2202935218811
-211.2069911956787
-211.17403936386108
-211.15429258346558
-211.1513500213623
-211.1360535621643
-210.94673252105713
-211.07965850830078
-211.11912775039673
-210.81526565551758
-211.2519564628601
-210.90062427520752
-211.14779949188232
-210.99918794631958
-211.0429129600525
-211.11820363998413
-211.28505420684814
-210.99551582336426
-210.96983528137207
-211.20205450057983
-211.08812141418457
-210.91380500793457
-211.20986080169678
-211.14434623718262
-211.2550449371338
-211.23065328598022
-211.3232102394104
-211.26214599609375
-211.2231388092041
-211.30971336364746
-211.08092308044434
-211.17768716812134
-211.23393630981445
-210.90614461898804
-211.29427099227905
-211.05169200897217
-211.2546558380127
-211.07992601394653
-211.26097869873047
-211.31088066101074
-211.41085481643677
-211.23692750930786
-211.14655923843384
-211.35324382781982
-211.14157390594482
-210.9608130455017
-211.191792011261
-211.24368810653687
-211.29059886932373
-211.2614893913269
-211.17036724090576
-211.13410806655884
-211.12384557724
-211.11796045303345
-210.92448091506958
-211.03926515579224
-211.11557722091675
-210.79936122894287
-211.21487045288086
-210.88936471939087
-211.1176929473877
-210.95553588867188
-211.04215908050537
-211.10171556472778
-211.25548267364502
-210.97922229766846
-210.94393587112427
-211.1588888168335
-211.09356880187988
-210.90398025512695
-211.18218612670898
-211.13853406906128
-211.2345199584961
-211.1955370903015
-211.38626861572266
-211.33378887176514
-211.30497121810913
-211.4032187461853
-211.1811647415161
-211.28782653808594
-211.2883129119873
-210.9592080116272
-211.36445474624634
-211.1321382522583
-211.3517360687256
-211.17498779296875
-211.326979637146
-211.38330173492432
-211.4913010597229
-211.33286476135254
-211.2464361190796
-211.46121883392334
-211.1919379234314
-211.01497077941895
-211.2577929496765
-211.32124042510986
-211.37911891937256
-211.35358428955078
-214.14673233032227
-214.18926572799683
-214.06606721878052
-214.22907543182373
-213.9296636581421
-214.11694192886353
-214.14590549468994
-213.9125919342041
-214.2132682800293
-214.07572174072266
-214.2000389099121
-214.11132431030273
-214.0726089477539
-214.2254762649536
-214.2416968345642
-214.14228200912476
-213.98119497299194
-214.27907466888428
-214.06502151489258
-213.96210479736328
-214.11976289749146
-214.2526159286499
-214.23374462127686
-214.2762050628662
-214.69475412368774
-214.7364363670349
-214.51299619674683
-214.8068389892578
-214.40081405639648
-214.59154558181763
-214.8230595588684
-214.62240600585938
-214.8169069290161
-214.8134536743164
-214.8225975036621
-214.7729630470276
-214.66401529312134
-214.85170698165894
-214.76109552383423
-214.7671995162964
-214.495267868042
-214.83074426651
-214.6924924850464
-214.62863159179688
-214.675274848938
-214.92330121994019
-214.77982091903687
-214.8702621459961
-214.83132791519165
-214.86938667297363
-214.72794914245605
-214.90233850479126
-214.57797574996948
-214.764573097229
-214.83176565170288
-214.59653091430664
-214.87977075576782
-214.75029802322388
-214.84946966171265
-214.76539993286133
-214.75494289398193
-214.90717792510986
-214.9073724746704
-214.81406164169312
-214.6309175491333
-214.93222618103027
-214.749981880188
-214.651442527771
-214.78867292404175
-214.93368530273438
-214.88684749603271
-214.93845176696777
-214.7871651649475
-214.81858491897583
-214.64718675613403
-214.85678958892822
-214.5067949295044
-214.68500232696533
-214.8664927482605
-214.63026094436646
-214.90255737304688
-214.78074502944946
-214.86899757385254
-214.78468465805054
-214.70474910736084
-214.854576587677
-214.839280128479
-214.7635760307312
-214.56744575500488
-214.86586046218872
-214.79596853256226
-214.68976879119873
-214.82174634933472
-214.95574235916138
-214.90241146087646
-214.94761991500854
-214.69414615631104
-214.71206903457642
-214.50465488433838
-214.78942680358887
-214.4015679359436
-214.56832122802734
-214.7416648864746
-214.50854587554932
-214.73371267318726
-214.6934895515442
-214.73940324783325
-214.6542148590088
-214.67683124542236
-214.8245186805725
-214.74577474594116
-214.7605118751526
-214.50266075134277
-214.798011302948
-214.61027097702026
-214.52566623687744
-214.59268856048584
-214.81819581985474
-214.70200109481812
-214.76693201065063
-214.7757110595703
-214.84876441955566
-214.64300394058228
-214.8604860305786
-214.47702884674072
-214.69696712493896
-214.86622524261475
-214.66999769210815
-214.8973045349121
-214.79684400558472
-214.84424114227295
-214.79618740081787
-214.69718599319458
-214.88667726516724
-214.8304524421692
-214.76992321014404
-214.5341534614563
-214.8708701133728
-214.79805994033813
-214.7277545928955
-214.81819581985474
-214.9699444770813
-214.87853050231934
-214.95785808563232
-210.93724822998047
-210.97640132904053
-210.74136114120483
-211.0973138809204
-210.68092918395996
-210.86896133422852
-210.99223279953003
-210.77633142471313
-210.96968936920166
-210.98885250091553
-211.0049271583557
-210.93712663650513
-210.91373205184937
-211.08145809173584
-210.9801950454712
-211.0638027191162
-210.7824354171753
-211.09843254089355
-210.8515248298645
-210.79459476470947
-210.82304763793945
-211.11803340911865
-210.9629044532776
-211.0563611984253
-214.83947467803955
-214.8333706855774
-214.75110054016113
-214.8774118423462
-214.6103196144104
-214.7568154335022
-214.83478116989136
-214.55939626693726
-214.89380264282227
-214.72201538085938
-214.87014055252075
-214.74752569198608
-214.76131439208984
-214.87198877334595
-214.9295997619629
-214.78974294662476
-214.66221570968628
-214.9252223968506
-214.76167917251587
-214.6135540008545
-214.80824947357178
-214.90326261520386
-214.91189575195312
-214.916832447052
-214.8267560005188
-214.81673669815063
-214.81518030166626
-214.8213815689087
-214.63680267333984
-214.7753462791443
-214.6954107284546
-214.38906812667847
-214.80309391021729
-214.51404190063477
-214.74492359161377
-214.58860301971436
-214.69772100448608
-214.7718687057495
-214.92279052734375
-214.6799440383911
-214.64285802841187
-214.86999464035034
-214.66377210617065
-214.48454332351685
-214.76231145858765
-214.76425695419312
-214.861337184906
-214.82923650741577
-214.7885513305664
-214.7695827484131
-214.74239444732666
-214.78076934814453
-214.57517910003662
-214.70280361175537
-214.73385858535767
-214.42236042022705
-214.83611869812012
-214.54480504989624
-214.7742519378662
-214.61472129821777
-214.65633058547974
-214.72658729553223
-214.86644411087036
-214.63872385025024
-214.59300470352173
-214.81552076339722
-214.7166895866394
-214.5252285003662
-214.8070821762085
-214.78838109970093
-214.88837957382202
-214.84579753875732
-214.82566165924072
-214.7899374961853
-214.73123216629028
-214.84463024139404
-214.60380220413208
-214.71989965438843
-214.73901414871216
-214.43048286437988
-214.79560375213623
-214.592031955719
-214.777729511261
-214.61780977249146
-214.75868797302246
-214.82517528533936
-214.9025330543518
-214.76705360412598
-214.6611213684082
-214.87930870056152
-214.6616563796997
-214.48792362213135
-214.7064027786255
-214.7834930419922
-214.82135725021362
-214.79750061035156
-210.95757865905762
-210.9588918685913
-210.93924236297607
-210.93571615219116
-210.74097204208374
-210.88829469680786
-210.90281295776367
-210.63336181640625
-211.03556871414185
-210.70485877990723
-210.92883396148682
-210.80804300308228
-210.82367992401123
-210.92302179336548
-211.06638050079346
-210.7927951812744
-210.7560739517212
-211.00451374053955
-210.87971019744873
-210.73649740219116
-211.00256824493408
-210.94712162017822
-211.03707647323608
-211.04055404663086
-214.9141330718994
-214.8939971923828
-214.83803987503052
-214.96342706680298
-214.7223072052002
-214.85469818115234
-214.82267045974731
-214.5168628692627
-214.89543199539185
-214.69828033447266
-214.89703702926636
-214.7389898300171
-214.85022354125977
-214.92955112457275
-215.00900030136108
-214.8878688812256
-214.7800154685974
-215.01225900650024
-214.73796844482422
-214.5758113861084
-214.7988624572754
-214.888014793396
-214.92850542068481
-214.91700267791748
-215.51988744735718
-215.51212978363037
-215.4038872718811
-215.5493860244751
-215.2497797012329
-215.39834260940552
-215.5203251838684
-215.24822330474854
-215.5556845664978
-215.40101766586304
-215.51492643356323
-215.40213632583618
-215.4432349205017
-215.55451726913452
-215.59084939956665
-215.4635410308838
-215.30826616287231
-215.5765256881714
-215.44267559051514
-215.3012866973877
-215.46964502334595
-215.58569383621216
-215.5612292289734
-215.57691478729248
-215.46626472473145
-215.45264625549316
-215.31553745269775
-215.49299097061157
-215.16899299621582
-215.31016302108765
-215.54658937454224
-215.27210426330566
-215.57078647613525
-215.420569896698
-215.524094581604
-215.41128015518188
-215.38209772109985
-215.4935746192932
-215.51166772842407
-215.4010419845581
-215.23120021820068
-215.4979763031006
-215.4803695678711
-215.33151483535767
-215.49508237838745
-215.5975856781006
-215.56643342971802
-215.57701206207275
-211.76386499404907
-211.73611736297607
-211.55100345611572
-211.8456974029541
-211.4740104675293
-211.6001272201538
-211.804039478302
-211.53483152389526
-211.76743984222412
-211.7413215637207
-211.78704071044922
-211.6708459854126
-211.74122428894043
-211.8479347229004
-211.79662227630615
-211.8149585723877
-211.5790672302246
-211.83772087097168
-211.682373046875
-211.56107139587402
-211.6356325149536
-211.87937879562378
-211.76396226882935
-211.79839754104614
-215.47480058670044
-215.49654150009155
-215.32874250411987
-215.51616668701172
-215.16291332244873
-215.33868885040283
-215.56317472457886
-215.32079029083252
-215.58314037322998
-215.4519166946411
-215.5232434272766
-215.43873596191406
-215.39386796951294
-215.53620529174805
-215.5210304260254
-215.42596864700317
-215.22468280792236
-215.52037382125854
-215.49914360046387
-215.37956857681274
-215.50870084762573
-215.6284704208374
-215.56592273712158
-215.6038842201233
-215.46869659423828
-215.4516978263855
-215.29010009765625
-215.5526933670044
-215.19846725463867
-215.33922386169434
-215.51008701324463
-215.2390308380127
-215.5097951889038
-215.4475393295288
-215.52881240844727
-215.41286087036133
-215.4545431137085
-215.57161331176758
-215.5375428199768
-215.5296392440796
-215.30464267730713
-215.5772066116333
-215.37572622299194
-215.25566482543945
-215.3663148880005
-215.57166194915771
-215.4857439994812
-215.52552938461304
-211.84421396255493
-211.82419967651367
-211.80024576187134
-211.80744409561157
-211.59840059280396
-211.73076725006104
-211.797278881073
-211.5018310546875
-211.9058861732483
-211.58456325531006
-211.79847049713135
-211.65905141830444
-211.71875381469727
-211.79292583465576
-211.93652772903442
-211.67400741577148
-211.6264886856079
-211.8568353652954
-211.77220630645752
-211.60637712478638
-211.871985912323
-211.8313250541687
-211.90960693359375
-211.89713144302368
-215.51551008224487
-215.4795913696289
-215.39430570602417
-215.52426481246948
-215.24960947036743
-215.37020587921143
-215.43243741989136
-215.12485456466675
-215.46633768081665
-215.27227449417114
-215.4272575378418
-215.2749252319336
-215.44860935211182
-215.51750421524048
-215.57217264175415
-215.44729614257812
-215.3114275932312
-215.53759145736694
-215.35106706619263
-215.18621063232422
-215.37686920166016
-215.47042322158813
-215.47380352020264
-215.4627628326416
-215.4733657836914
-215.48982954025269
-215.40490865707397
-215.4726848602295
-215.2032823562622
-215.37093544006348
-215.43265628814697
-215.15780639648438
-215.50332641601562
-215.25264930725098
-215.40974807739258
-215.29041624069214
-215.34360122680664
-215.45026302337646
-215.52888536453247
-215.33204984664917
-215.22084045410156
-215.4829716682434
-215.41461181640625
-215.26174449920654
-215.47723245620728
-215.499897480011
-215.52951765060425
-215.52869081497192
-215.5899739265442
-215.56166696548462
-215.48837041854858
-215.62881088256836
-215.36225366592407
-215.49192094802856
-215.49756288528442
-215.1883749961853
-215.54841327667236
-215.36320209503174
-215.5355486869812
-215.38124656677246
-215.52589416503906
-215.6001148223877
-215.6642189025879
-215.55403089523315
-215.42329359054565
-215.65641260147095
-215.4105019569397
-215.2487096786499
-215.4530839920044
-215.5565357208252
-215.57188081741333
-215.56441497802734
-215.4812936782837
-215.43888187408447
-215.3249487876892
-215.48768949508667
-215.18854522705078
-215.30123805999756
-215.4767460823059
-215.16651248931885
-215.5015754699707
-215.31077098846436
-215.45816659927368
-215.3047399520874
-215.4071946144104
-215.47399806976318
-215.51429414749146
-215.40503025054932
-215.2571725845337
-215.4808316230774
-215.40685415267944
-215.233802318573
-215.42232084274292
-215.50087022781372
-215.50074863433838
-215.48340940475464
-215.42796277999878
-215.43474769592285
-215.3224925994873
-215.42866802215576
-215.13674640655518
-215.2919726371765
-215.46200895309448
-215.1818332672119
-215.52292728424072
-215.27803802490234
-215.4295678138733
-215.3069772720337
-215.29301834106445
-215.39508390426636
-215.4608416557312
-215.28504180908203
-215.16383743286133
-215.42022943496704
-215.4590663909912
-215.29469633102417
-215.5102572441101
-215.5198631286621
-215.5485348701477
-215.53766441345215
-215.56310176849365
-215.5312442779541
-215.4250202178955
-215.60152530670166
-215.30702590942383
-215.43054056167603
-215.55101537704468
-215.2410979270935
-215.59179782867432
-215.4114990234375
-215.57363176345825
-215.41984033584595
-215.4928207397461
-215.56757640838623
-215.6139521598816
-215.52188158035278
-215.37682056427002
-215.60877227783203
-215.47448444366455
-215.3079013824463
-215.5058798789978
-215.59816932678223
-215.6044921875
-215.5948133468628
-215.47917795181274
-215.47266054153442
-215.32713747024536
-215.50067567825317
-215.17127895355225
-215.3191123008728
-215.48464965820312
-215.2107481956482
-215.50291299819946
-215.33805656433105
-215.44659090042114
-215.325945854187
-215.40940761566162
-215.50901699066162
-215.51239728927612
-215.420569896698
-215.2386417388916
-215.49238300323486
-215.4161925315857
-215.272931098938
-215.42431497573853
-215.5238757133484
-215.48970794677734
-215.50062704086304
-215.45928525924683
-215.41791915893555
-215.27662754058838
-215.52168703079224
-215.19002866744995
-215.30607748031616
-215.42161560058594
-215.12030696868896
-215.4233422279358
-215.31794500350952
-215.43756866455078
-215.28793573379517
-215.45955276489258
-215.53652143478394
-215.51874446868896
-215.51115703582764
-215.30476427078247
-215.53666734695435
-215.28462839126587
-215.145574092865
-215.27815961837769
-215.45512676239014
-215.39783191680908
-215.41422271728516
-215.55918645858765
-215.56755208969116
-215.4292516708374
-215.61198234558105
-215.28674411773682
-215.44987392425537
-215.56069421768188
-215.2881302833557
-215.59529972076416
-215.43649864196777
-215.55933237075806
-215.43944120407104
-215.49179935455322
-215.6044192314148
-215.61091232299805
-215.53328704833984
-215.35036182403564
-215.61845111846924
-215.4870572090149
-215.3546905517578
-215.51193523406982
-215.6221718788147
-215.59053325653076
-215.6139521598816
-214.04797410964966
-213.98209476470947
-214.04673385620117
-213.97898197174072
-213.86276292800903
-213.94437646865845
-213.91378355026245
-213.56629371643066
-214.040629863739
-213.68066453933716
-213.9743857383728
-213.7723217010498
-213.94296598434448
-213.96918153762817
-214.1837453842163
-213.8625683784485
-213.88948917388916
-214.06764793395996
-213.8750925064087
-213.6572699546814
-213.98827171325684
-213.92528629302979
-214.08058547973633
-214.00857782363892
-215.04044437408447
-215.0002212524414
-214.96743965148926
-215.0269718170166
-214.8012456893921
-214.91877794265747
-215.0361156463623
-214.73062419891357
-215.11692667007446
-214.8769497871399
-215.06960248947144
-214.92123413085938
-214.97760486602783
-215.06357145309448
-215.1683850288391
-214.95498847961426
-214.8658847808838
-215.1086826324463
-214.9382085800171
-214.76766157150269
-215.0072979927063
-215.04202508926392
-215.09088134765625
-215.0759983062744
-214.7600498199463
-214.7445831298828
-214.7681965827942
-214.7086887359619
-214.54346752166748
-214.68123292922974
-214.644681930542
-214.33617496490479
-214.78076934814453
-214.42034196853638
-214.67639350891113
-214.51982975006104
-214.65601444244385
-214.73186445236206
-214.90739679336548
-214.59281015396118
-214.5742793083191
-214.8072280883789
-214.5911078453064
-214.41992855072021
-214.71659231185913
-214.65754652023315
-214.7737169265747
-214.74917936325073
-214.73872232437134
-214.71253108978271
-214.7098560333252
-214.67904424667358
-214.49055004119873
-214.61618041992188
-214.70127153396606
-214.38622283935547
-214.82755851745605
-214.462899684906
-214.71435499191284
-214.55265998840332
-214.62702655792236
-214.69621324539185
-214.86077785491943
-214.55796146392822
-214.53018951416016
-214.75530767440796
-214.66224002838135
-214.47778272628784
-214.7754192352295
-214.6957025527954
-214.80929517745972
-214.77439785003662
-215.00151014328003
-214.9315209388733
-214.92648696899414
-214.96688032150269
-214.7704095840454
-214.8586621284485
-214.91909408569336
-214.57775688171387
-215.00420951843262
-214.71941328048706
-214.9592685699463
-214.7703366279602
-214.95583963394165
-214.9981541633606
-215.1278214454651
-214.91201734542847
-214.8489589691162
-215.0479588508606
-214.8186821937561
-214.62571334838867
-214.89263534545898
-214.899395942688
-214.98176336288452
-214.94017839431763
-214.74900913238525
-214.70635414123535
-214.69682121276855
-214.6754937171936
-214.48378944396973
-214.59062147140503
-214.71180152893066
-214.385347366333
-214.8039207458496
-214.4662799835205
-214.6979398727417
-214.52306413650513
-214.64028024673462
-214.69400024414062
-214.84438705444336
-214.55618619918823
-214.51664400100708
-214.72520112991333
-214.6817922592163
-214.4822816848755
-214.76124143600464
-214.7037763595581
-214.80187797546387
-214.7522678375244
-211.2096905708313
-211.1592779159546
-211.0906262397766
-211.2221417427063
-210.96429061889648
-211.07056331634521
-211.12834453582764
-210.80568408966064
-211.1618800163269
-210.9684247970581
-211.14283847808838
-210.96978664398193
-211.15747833251953
-211.21708345413208
-211.28982067108154
-211.159423828125
-211.04050540924072
-211.25798749923706
-211.03318548202515
-210.8624439239502
-211.05684757232666
-211.15852403640747
-211.17204523086548
-211.15040159225464
-214.77439785003662
-214.664963722229
-214.79572534561157
-214.6926383972168
-214.63424921035767
-214.67914152145386
-214.61759090423584
-214.2347903251648
